--------------------------------------------------------------------------------------------------------------
Site         N      Accuracy   +-2 Acc    R2         MAE(mi)    RMSE(mi)  
--------------------------------------------------------------------------------------------------------------
SITE4        7      0.2857     0.5714     -1.4062    2.1429    2.8031    
SITE5        11     0.2727     0.5455     -0.4940    2.2727    2.8762    
SITE6        13     0.4615     0.6923     -0.3778    2.3846    4.0096    
SITE7        31     0.3871     0.7097     -0.1318    1.7097    2.6213    
SITE8        14     0.3571     0.7857     0.0854     1.4286    1.9272    
SITE10       16     0.3125     0.6250     -0.8283    2.4375    3.5444    
SITE11       6      0.3333     0.6667     -0.3846    2.3333    3.1623    
SITE12       16     0.2500     0.6875     -0.4150    2.0000    2.9580    
SITE13       29     0.2759     0.7931     -0.1590    1.6207    2.1415    
SITE14       10     0.2000     0.6000     -0.6401    2.5000    3.3615    
SITE15       19     0.3158     0.6842     -0.0857    1.8947    2.7145    
SITE17       21     0.1905     0.3333     -1.9888    3.8095    4.6701    
SITE18       20     0.4000     0.8000     0.2646     1.4000    2.1909    
SITE19       44     0.3864     0.8636     -0.1281    1.3182    2.2462    
SITE20       10     0.4000     0.7000     -1.2809    2.5000    4.2071    
SITE21       14     0.2143     0.5714     -1.5971    3.2143    4.6059    
SITE22       60     0.3667     0.8833     -0.0356    1.1167    1.6583    
SITE24       11     0.3636     0.6364     -0.0761    1.8182    2.5584    
SITE25       24     0.2500     0.6667     0.0663     1.6667    2.1602    
SITE26       16     0.3125     0.8125     0.2470     1.6875    2.5617    
SITE29       17     0.2353     0.4706     -0.4986    2.6471    3.3343    
SITE30       13     0.1538     0.4615     -0.0931    2.6154    3.1623    
SITE33       22     0.2727     0.6818     -0.0677    1.8182    2.6285    
SITE35       7      0.7143     0.7143     0.2725     1.7143    3.2514    
SITE36       10     0.3000     0.5000     -1.0418    3.6000    5.0398    
SITE40       24     0.2083     0.7917     -0.4006    1.8333    2.4152    
SITE41       31     0.1935     0.6129     -0.5046    2.1935    2.7940    
SITE42       12     0.5000     0.5000     -0.2348    2.3333    3.4400    
SITE43       19     0.1579     0.3684     -1.9449    3.3684    4.1802    
SITE45       23     0.2609     0.5652     -0.6131    2.6957    3.6236    
SITE48       16     0.1875     0.6250     -0.1537    2.2500    2.7613    
SITE49       10     0.4000     0.7000     0.0991     1.4000    2.0000    
SITE50       8      0.2500     0.5000     -0.3483    2.8750    3.6228    
SITE53       15     0.2000     0.6667     -0.7769    2.4667    3.2965    
SITE58       21     0.3333     0.5714     -1.0385    2.6190    3.6839    
SITE59       12     0.1667     0.7500     -0.2541    2.0833    3.0139    
SITE65       13     0.2308     0.3846     -1.3170    3.5385    4.4893    
SITE66       11     0.2727     0.5455     -0.1256    2.1818    2.8284    
SITE73       18     0.2778     0.7778     0.3301     1.8333    2.6141    
SITE75       13     0.1538     0.5385     -0.5414    2.5385    3.1501    
SITE76       7      0.2857     0.4286     -1.6678    4.5714    5.7817    
SITE78       11     0.2727     0.4545     -0.9475    3.2727    4.4313    
SITE80       6      0.5000     0.6667     -0.5288    2.5000    3.9370    
SITE81       10     0.4000     0.7000     -0.2221    2.1000    3.0496    
SITE84       16     0.1875     0.6875     -0.7119    2.0625    2.5125    
SITE86       10     0.3000     0.8000     0.0351     1.8000    2.5690    
SITE94       21     0.4286     0.6190     -0.2819    1.9524    2.8702    
SITE95       6      0.3333     0.3333     -1.1782    3.8333    5.2122    
SITE96       6      0.5000     0.8333     -0.4545    2.0000    3.4641    
SITE97       7      0.4286     0.5714     -0.9471    4.1429    5.9402    
SITE98       20     0.2500     0.6000     -1.0029    2.8000    3.7148    
SITE104      12     0.2500     0.7500     -0.3606    1.8333    2.4495    
SITE106      14     0.5000     0.8571     0.4896     1.1429    2.0000    
SITE111      15     0.2667     0.4000     -0.8120    3.0667    3.9158    
SITE115      17     0.1765     0.4706     -1.4337    3.0588    3.9853    
SITE116      14     0.3571     0.5714     -0.6158    2.4286    3.4847    
SITE117      24     0.2917     0.7500     -0.1814    1.5833    2.2730    
SITE119      12     0.2500     0.5000     -0.0825    2.4167    2.9580    
SITE125      8      0.1250     0.2500     -3.4052    5.3750    6.1135    
SITE127      16     0.1250     0.7500     -0.4250    2.0000    2.6693    
SITE128      18     0.2222     0.5000     -0.7281    2.6111    3.4075    
SITE129      15     0.2000     0.4667     -0.8939    3.0667    3.8816    
SITE132      8      0.2500     0.7500     -0.3112    2.1250    3.3354    
SITE134      9      0.3333     0.4444     -0.8915    2.6667    3.7118    
SITE156      17     0.3529     0.8235     0.2398     1.4118    2.2752    
SITE160      10     0.2000     0.5000     -0.6110    2.5000    3.3317    
SITE161      14     0.2857     0.3571     -0.6078    2.6429    3.2404    
SITE165      7      0.5714     0.5714     -1.0811    2.5714    3.9641    
SITE167      11     0.2727     0.4545     -2.5493    3.4545    4.6904    
SITE168      10     0.4000     0.8000     0.3236     1.7000    2.5495    
SITE169      14     0.3571     0.5714     -0.9920    2.5000    3.5557    
SITE171      14     0.2857     0.5714     -1.0351    2.5714    3.6056    
SITE178      12     0.2500     0.6667     -0.0213    1.8333    2.3094    
SITE179      27     0.2222     0.5926     -0.1343    2.0370    2.5313    
SITE186      19     0.2632     0.5789     -0.3238    2.5789    3.4105    
SITE193      15     0.4000     0.6000     -0.8629    2.8000    4.2426    
SITE194      18     0.2222     0.5556     -1.5378    2.5556    3.2830    
SITE198      14     0.2143     0.2857     -2.3279    3.4286    4.0708    
SITE203      33     0.3939     0.8485     0.4573     1.2727    1.9695    
SITE205      24     0.1667     0.6250     -0.1196    2.1667    2.6615    
SITE207      12     0.2500     0.8333     -0.0162    1.4167    1.9791    
SITE208      13     0.3846     0.7692     -0.2560    2.0769    3.2463    
SITE209      8      0.3750     0.6250     -0.1743    1.7500    2.4495    
SITE212      9      0.2222     0.5556     -0.0018    2.1111    2.6458    
SITE215      33     0.4848     0.7576     0.1322     1.5455    2.5643    
SITE217      16     0.3750     0.6250     0.1944     1.6875    2.3318    
SITE219      15     0.3333     0.4667     -0.1565    2.2667    3.0111    
SITE229      14     0.2143     0.5000     0.1250     2.2143    2.6322    
SITE230      11     0.3636     0.5455     -0.4382    2.6364    3.8730    
SITE231      7      0.1429     0.2857     -3.0833    5.2857    6.0828    
SITE234      11     0.2727     0.7273     -0.0239    1.3636    1.7838    
SITE239      15     0.3333     0.6000     -0.9417    2.7333    3.9412    
SITE240      14     0.1429     0.5714     -0.5873    2.5714    3.5051    
SITE241      25     0.2800     0.6800     -0.3393    2.0800    3.2125    
SITE244      12     0.0833     0.0833     -3.4702    5.7500    6.2517    
SITE245      15     0.4000     0.5333     -0.7901    2.8000    3.9328    
SITE251      11     0.1818     0.5455     -0.3464    2.3636    3.1042    
SITE253      30     0.2000     0.5667     -0.9583    2.6333    3.4785    
SITE256      5      0.2000     0.6000     -0.5517    2.0000    2.6833    
SITE258      12     0.3333     0.7500     -0.0556    1.6667    2.5166    
SITE259      9      0.3333     0.3333     -1.3491    3.8889    5.1316    
SITE261      15     0.3333     0.6000     -0.4714    2.4667    3.5119    
SITE262      20     0.3000     0.7000     -0.4754    1.9000    2.8461    
SITE268      13     0.2308     0.6154     -0.2496    2.3077    3.2106    
SITE272      13     0.1538     0.3077     -2.1778    4.3077    5.2035    
SITE276      12     0.3333     0.7500     -0.0485    1.4167    1.9365    
SITE301      5      1.0000     1.0000     1.0000     0.0000    0.0000    
SITE304      5      0.6000     0.6000     -0.6602    2.6000    4.1231    
SITE309      13     0.4615     0.6923     -0.0577    2.0000    3.0884    
SITE310      7      0.4286     0.7143     -0.5160    2.1429    3.4017    
SITE322      9      0.5556     0.6667     -0.5414    1.5556    2.6247    
SITE323      9      0.4444     0.6667     -0.5296    2.0000    3.0912    
SITE324      17     0.2941     0.4118     -1.4581    3.5882    4.6590    
SITE325      8      0.3750     0.6250     -0.5435    3.0000    4.2131    
SITE327      16     0.3125     0.5625     -0.6627    2.6250    3.8406    
SITE330      14     0.3571     0.6429     -0.1857    2.0000    2.7255    
SITE331      7      0.5714     0.7143     -0.1730    1.7143    2.9761    
SITE332      9      0.5556     0.7778     -0.3352    1.0000    1.7321    
SITE333      5      0.6000     0.8000     -0.4167    1.0000    1.8439    
SITE334      12     0.4167     0.4167     -1.5167    3.0833    4.1533    
SITE336      5      0.6000     0.8000     -0.5625    1.2000    2.0000    
SITE338      5      0.6000     0.8000     -0.6250    1.0000    1.6125    
SITE339      8      0.3750     0.5000     -0.2033    2.0000    2.5981    
SITE340      12     0.3333     0.5000     -1.1620    2.5833    3.5237    
SITE343      12     0.3333     0.3333     -1.5228    3.0833    3.9686    
SITE345      7      0.5714     0.7143     0.0993     1.2857    2.2361    
SITE353      8      0.6250     0.6250     -0.5385    1.7500    2.9580    
SITE355      9      0.7778     0.8889     0.3968     0.8889    2.3570    
SITE358      14     0.3571     0.5714     -0.8828    2.2857    3.3381    
SITE360      8      0.6250     0.8750     0.3552     0.8750    1.8371    
SITE361      7      0.4286     0.4286     -1.1655    2.5714    3.5051    
SITE362      11     0.3636     0.5455     -0.9631    3.1818    4.5427    
SITE363      11     0.5455     0.6364     -0.5641    1.7273    2.8762    
SITE366      12     0.3333     0.5000     -1.3003    3.0833    4.1130    
SITE367      8      0.7500     0.7500     0.5893     0.8750    1.7678    
SITE375      6      0.6667     0.6667     0.0785     1.5000    2.7386    
SITE376      9      0.1111     0.3333     -0.7407    2.8889    3.2318    
SITE377      12     0.4167     0.5833     -0.8182    2.2500    3.3541    
SITE380      8      0.3750     0.3750     -1.2425    3.1250    4.1982    
SITE383      4      0.5000     0.5000     -0.8889    2.0000    2.9155    
SITE385      9      0.2222     0.4444     -1.4464    3.0000    3.9016    
SITE386      11     0.6364     0.8182     0.6153     0.8182    1.5667    
SITE388      7      0.4286     0.5714     -1.2087    2.1429    3.0472    
SITE389      11     0.7273     0.9091     0.6275     0.7273    1.6514    
SITE397      14     0.5000     0.7857     0.4234     1.2143    2.0178    
SITE401      7      0.5714     0.5714     -0.6550    1.8571    2.9520    
SITE404      6      0.6667     0.6667     -0.0250    1.5000    2.6141    
SITE406      6      0.5000     0.8333     0.6717     1.0000    1.7321    
SITE407      7      0.7143     0.8571     -0.2333    1.0000    2.2991    
SITE411      29     0.3103     0.6207     -0.6051    1.9655    2.6846    
SITE417      24     0.2500     0.6250     -0.0102    1.9167    2.4833    
SITE420      15     0.2667     0.8667     0.1308     1.4667    2.0331    
SITE421      11     0.3636     0.5455     -0.9719    2.7273    3.8847    
SITE422      13     0.1538     0.5385     -0.1127    2.1538    2.5115    
SITE424      6      0.6667     0.6667     -0.4032    1.6667    3.1091    
SITE426      15     0.4000     0.6667     0.2318     1.6000    2.2509    
SITE430      9      0.4444     0.7778     0.2684     1.7778    3.0912    
SITE434      12     0.3333     0.5000     -0.2927    2.1667    2.9721    
SITE435      9      0.4444     0.5556     -1.0159    2.7778    4.1500    
SITE437      18     0.1667     0.6111     -0.0922    2.1667    2.6562    
SITE438      15     0.1333     0.5333     -1.0301    2.5333    3.0984    
SITE439      13     0.4615     0.6923     -0.2358    1.9231    3.1744    
SITE442      19     0.2632     0.6316     -0.1269    2.2632    2.9469    
SITE443      6      0.5000     0.5000     -0.7554    3.0000    4.5092    
SITE446      18     0.3333     0.6667     -0.6012    2.5000    3.7786    
SITE447      5      0.4000     0.8000     0.3692     1.4000    2.3238    
SITE454      7      0.5714     0.5714     -0.6667    2.0000    3.1623    
SITE455      9      0.2222     0.4444     -1.3023    3.7778    4.9441    
SITE460      4      0.2500     0.5000     0.0000     2.5000    3.0822    
SITE461      5      0.2000     0.4000     -0.0045    2.6000    3.0000    
SITE463      6      0.3333     0.5000     -1.3738    3.5000    4.6007    
SITE464      8      0.7500     0.7500     0.0791     1.5000    3.1623    
SITE468      6      0.5000     0.5000     -1.9464    3.0000    4.2817    
SITE469      4      0.5000     1.0000     -0.8182    0.7500    1.1180    
SITE471      17     0.3529     0.4118     -1.1710    3.2941    4.4853    
SITE474      6      0.3333     0.5000     -1.0000    2.5000    3.5355    
SITE477      14     0.4286     0.5714     -0.8308    2.5714    3.8173    
SITE483      9      0.3333     0.5556     -1.1486    3.0000    4.2032    
SITE485      10     0.1000     0.3000     -2.4654    4.9000    5.8395    
SITE486      6      0.8333     1.0000     0.9636     0.1667    0.4082    
SITE490      13     0.3077     0.4615     -1.3065    2.7692    3.6795    
SITE492      6      0.5000     0.8333     0.2584     0.8333    1.3540    
SITE506      10     0.6000     0.7000     0.2530     1.2000    2.0976    
SITE508      27     0.3333     0.4815     -1.1309    3.0741    4.2295    
SITE510      6      0.5000     0.5000     -0.7253    2.1667    3.3417    
SITE520      16     0.4375     0.7500     0.4670     1.3125    1.9526    
SITE521      17     0.3529     0.7059     0.2083     2.1176    2.9902    
SITE522      18     0.3889     0.6111     -0.3836    2.3333    3.4157    
SITE528      11     0.5455     0.6364     -0.2839    1.6364    2.5937    
SITE538      7      0.2857     0.2857     -1.7396    4.7143    5.9161    
SITE539      7      0.4286     0.4286     -1.2716    3.2857    4.3916    
SITE540      6      0.5000     0.6667     0.2416     1.8333    2.7386    
SITE541      9      0.3333     0.3333     -1.6352    4.5556    5.7831    
SITE542      8      0.5000     0.6250     0.3333     1.7500    2.7386    
SITE545      9      0.5556     0.7778     -0.2564    1.7778    3.2998    
SITE547      7      0.4286     0.4286     -1.0417    4.2857    6.0000    
SITE556      6      0.3333     0.5000     -0.1300    2.5000    3.4400    
SITE557      19     0.3684     0.7895     0.4340     1.4211    2.0901    
SITE561      15     0.2667     0.5333     -0.5934    2.7333    3.7859    
SITE563      10     0.3000     0.3000     -1.8758    3.8000    4.6904    
SITE564      9      0.3333     0.6667     -0.0426    2.2222    3.2998    
SITE568      7      0.2857     0.4286     -0.7711    2.5714    3.4641    
SITE569      11     0.0909     0.3636     -0.4334    2.5455    2.8920    
SITE572      8      0.3750     0.7500     -0.4887    2.3750    3.6572    
SITE574      9      0.2222     0.4444     -1.5013    3.7778    4.8762    
SITE575      15     0.2667     0.6000     -0.5654    2.5333    3.2455    
SITE577      9      0.5556     0.5556     -0.1957    2.2222    3.4960    
SITE578      7      0.4286     0.7143     -0.3788    1.4286    1.9272    
SITE580      6      0.3333     0.5000     -0.4800    2.6667    3.5119    
SITE581      10     0.4000     0.6000     -0.3012    1.9000    2.7019    
SITE584      8      0.3750     0.5000     -0.8630    2.6250    3.8568    
SITE587      8      0.2500     0.6250     -0.4188    2.8750    3.8568    
SITE593      11     0.3636     0.7273     -0.3488    2.0000    2.8604    
SITE595      18     0.3333     0.6111     0.0880     1.8889    2.6034    
SITE597      8      0.3750     0.5000     -1.0228    2.6250    3.7249    
SITE598      7      0.2857     0.5714     -1.0417    2.1429    3.0000    
SITE601      8      0.6250     0.7500     0.4879     1.3750    2.5739    
SITE602      12     0.3333     0.7500     -0.2253    2.0833    3.3040    
SITE606      15     0.2667     0.5333     -0.9299    3.1333    4.4647    
SITE607      12     0.4167     0.6667     -0.3497    2.2500    3.5000    
SITE610      10     0.3000     0.8000     0.4788     1.6000    2.1909    
SITE612      14     0.4286     0.6429     -0.4583    2.0000    3.2733    
SITE616      13     0.3846     0.7692     0.0328     1.9231    2.9221    
SITE617      10     0.4000     0.6000     0.0638     2.0000    2.9665    
SITE620      17     0.3529     0.5882     -0.8949    2.7059    4.0584    
SITE622      13     0.3077     0.3846     -1.2069    3.0000    3.9321    
SITE623      8      0.2500     0.8750     -0.6667    1.2500    1.5811    
SITE624      9      0.2222     0.7778     -0.1099    1.8889    2.4721    
SITE626      10     0.4000     0.7000     -0.8628    3.0000    4.6904    
SITE629      13     0.2308     0.6154     -0.7000    2.8462    3.7927    
SITE639      11     0.1818     0.5455     -1.6460    3.3636    4.5627    
SITE648      7      0.2857     0.4286     -1.3832    4.1429    5.4380    
SITE658      16     0.3125     0.6250     0.3492     1.7500    2.2638    
SITE683      7      0.5714     0.8571     0.1091     0.8571    1.4142    
SITE684      14     0.3571     0.5714     -0.9316    2.7143    3.9461    
SITE692      15     0.2000     0.3333     -1.1951    3.2000    3.7947    
SITE719      16     0.2500     0.6875     -0.1163    2.1875    2.9047    
SITE721      12     0.0000     0.7500     0.1455     2.5000    2.7689    
SITE722      14     0.3571     0.7143     -0.1760    1.7143    2.4495    
SITE725      9      0.1111     0.3333     -1.8243    4.1111    4.8189    
SITE734      13     0.2308     0.5385     -1.4319    3.0000    4.0856    
SITE735      17     0.2941     0.6471     -0.0126    2.1176    2.8901    
SITE739      10     0.2000     0.5000     -0.0013    2.3000    2.8107    
SITE747      30     0.2333     0.7000     -0.0348    1.9000    2.5755    
SITE760      33     0.8788     0.9091     -0.0358    0.4545    1.4668    
SITE786      10     0.2000     0.2000     -3.0056    5.7000    6.5803    
SITE801      8      0.2500     0.7500     -0.1852    2.0000    3.1623    
SITE802      9      0.3333     0.6667     -0.8138    2.5556    3.8152    
SITE807      7      0.2857     0.5714     -1.3894    2.4286    3.1848    
SITE808      7      0.4286     0.7143     0.1211     1.8571    2.8536    
SITE821      10     0.3000     0.3000     -1.6372    3.9000    4.9497    
SITE831      11     0.4545     0.7273     0.0615     1.8182    2.7961    
SITE844      7      0.4286     0.7143     -0.0281    1.5714    2.5912    
SITE852      14     0.2857     0.6429     -1.0935    2.5714    3.7033    
SITE871      7      0.4286     0.7143     0.0959     2.0000    3.1623    
--------------------------------------------------------------------------------------------------------------
OVERALL      3232   0.3357     0.6216     -0.3406    2.2713    3.3075    
--------------------------------------------------------------------------------------------------------------
