--------------------------------------------------------------------------------------------------------------
Site         N      Accuracy   +-2 Acc    R2         MAE(mi)    RMSE(mi)  
--------------------------------------------------------------------------------------------------------------
SITE4        7      0.2857     0.5714     -1.4062    2.1429    2.8031    
SITE5        11     0.1818     0.4545     -1.4627    2.9091    3.6927    
SITE6        13     0.3846     0.5385     -0.4305    2.8462    4.0856    
SITE7        31     0.2581     0.6452     -0.0043    1.9032    2.4692    
SITE8        14     0.2143     0.6429     -0.7236    2.0000    2.6458    
SITE10       16     0.1875     0.3750     -1.8471    3.5625    4.4230    
SITE11       6      0.3333     0.6667     -0.3846    2.3333    3.1623    
SITE12       16     0.5000     0.7500     0.3026     1.3125    2.0767    
SITE13       29     0.3103     0.8276     0.0153     1.4828    1.9740    
SITE14       10     0.2000     0.8000     0.4630     1.5000    1.9235    
SITE15       19     0.1579     0.4737     -1.3731    3.2632    4.0131    
SITE17       21     0.1905     0.5714     0.0277     2.1429    2.6637    
SITE18       20     0.4500     0.7500     0.4408     1.2500    1.9105    
SITE19       44     0.3182     0.7955     0.0650     1.3636    2.0449    
SITE20       10     0.2000     0.5000     -2.0026    3.7000    4.8270    
SITE21       14     0.3571     0.7857     0.0119     1.7857    2.8410    
SITE22       60     0.4167     0.8833     0.1402     0.9833    1.5111    
SITE24       11     0.1818     0.6364     -0.1957    2.1818    2.6968    
SITE25       24     0.2083     0.7083     -0.0587    1.7917    2.3004    
SITE26       16     0.3125     0.6250     -0.3913    2.3750    3.4821    
SITE29       17     0.2941     0.5882     -0.5462    2.5294    3.3868    
SITE30       13     0.1538     0.6923     0.2012     2.0769    2.7033    
SITE33       22     0.4091     0.6818     -0.1520    1.7273    2.7303    
SITE35       7      0.4286     0.5714     -0.8778    3.5714    5.2236    
SITE36       10     0.4000     0.6000     -0.6559    3.0000    4.5387    
SITE40       24     0.2500     0.6667     -0.7707    2.0417    2.7157    
SITE41       31     0.1935     0.6452     -0.0072    1.8710    2.2860    
SITE42       12     0.4167     0.5000     -0.6522    2.8333    3.9791    
SITE43       19     0.3158     0.4737     -1.2087    2.6842    3.6201    
SITE45       23     0.3043     0.6957     0.4605     1.6087    2.0955    
SITE48       16     0.4375     0.6875     -0.0875    1.6875    2.6810    
SITE49       10     0.2000     0.7000     -0.0811    1.8000    2.1909    
SITE50       8      0.7500     1.0000     0.9358     0.3750    0.7906    
SITE53       15     0.2000     0.6667     -0.0356    1.9333    2.5166    
SITE58       21     0.1905     0.5714     -0.6594    2.4762    3.3238    
SITE59       12     0.0000     0.6667     -0.5647    2.5000    3.3665    
SITE65       13     0.2308     0.4615     -0.7864    3.0769    3.9419    
SITE66       11     0.1818     0.8182     -0.0744    2.0000    2.7634    
SITE73       18     0.2222     0.6667     -0.2908    2.6111    3.6286    
SITE75       13     0.2308     0.6154     -0.1112    2.0769    2.6747    
SITE76       7      0.2857     0.4286     -1.6678    4.5714    5.7817    
SITE78       11     0.4545     0.7273     -0.0098    1.8182    3.1909    
SITE80       6      0.5000     0.5000     -0.7918    2.8333    4.2622    
SITE81       10     0.6000     0.8000     0.4744     1.2000    2.0000    
SITE84       16     0.2500     0.5625     -1.3729    2.2500    2.9580    
SITE86       10     0.2000     0.7000     -0.0526    2.0000    2.6833    
SITE94       21     0.3810     0.5714     -0.8821    2.3810    3.4778    
SITE95       6      0.3333     0.3333     -1.1782    3.8333    5.2122    
SITE96       6      0.8333     1.0000     0.9192     0.3333    0.8165    
SITE97       7      0.4286     0.5714     -0.9471    4.1429    5.9402    
SITE98       20     0.1500     0.4500     -1.2206    3.1000    3.9115    
SITE104      12     0.2500     0.6667     -0.4551    1.9167    2.5331    
SITE106      14     0.3571     0.7143     0.1341     1.6429    2.6049    
SITE111      15     0.2667     0.4667     -1.0483    3.0667    4.1633    
SITE115      17     0.1765     0.5294     -1.0732    2.8235    3.6782    
SITE116      14     0.1429     0.5714     0.1161     2.0714    2.5774    
SITE117      24     0.2083     0.7500     -0.2100    1.7083    2.3004    
SITE119      12     0.0833     0.7500     0.2577     2.1667    2.4495    
SITE125      8      0.2500     0.6250     -0.3112    2.3750    3.3354    
SITE127      16     0.1875     0.6875     -0.2000    1.8750    2.4495    
SITE128      18     0.1667     0.5000     -0.6288    2.6111    3.3082    
SITE129      15     0.2667     0.5333     -0.3659    2.4667    3.2965    
SITE132      8      0.6250     0.8750     0.4401     1.0000    2.1794    
SITE134      9      0.2222     0.4444     -1.0136    2.8889    3.8297    
SITE156      17     0.1765     0.5294     -0.6585    2.5882    3.3607    
SITE160      10     0.3000     0.6000     -0.5239    2.3000    3.2404    
SITE161      14     0.2857     0.5714     -0.3125    2.1429    2.9277    
SITE165      7      0.2857     0.5714     -0.0973    2.2857    2.8785    
SITE167      11     0.3636     0.7273     -0.7453    2.0909    3.2891    
SITE168      10     0.2000     0.8000     0.3236     1.9000    2.5495    
SITE169      14     0.3571     0.7143     -0.0804    1.8571    2.6186    
SITE171      14     0.2857     0.5714     -1.0351    2.5714    3.6056    
SITE178      12     0.2500     0.5833     -0.7872    2.3333    3.0551    
SITE179      27     0.1852     0.6296     -0.0294    1.9630    2.4114    
SITE186      19     0.4737     0.7368     0.3651     1.4737    2.3620    
SITE193      15     0.3333     0.6667     -0.3592    2.4667    3.6240    
SITE194      18     0.2222     0.5556     -1.5378    2.5556    3.2830    
SITE198      14     0.5000     0.8571     0.0102     1.2143    2.2200    
SITE203      33     0.3636     0.8485     0.3132     1.4545    2.2156    
SITE205      24     0.1667     0.4167     -1.8452    3.4167    4.2426    
SITE207      12     0.2500     0.8333     -0.0162    1.4167    1.9791    
SITE208      13     0.5385     0.7692     0.4591     1.3077    2.1304    
SITE209      8      0.2500     0.7500     -0.2477    1.8750    2.5249    
SITE212      9      0.2222     0.2222     -2.4187    4.1111    4.8876    
SITE215      33     0.3939     0.6364     -0.5956    2.3333    3.4772    
SITE217      16     0.3125     0.6250     -0.2500    2.0625    2.9047    
SITE219      15     0.4000     0.6000     -0.1310    2.0667    2.9777    
SITE229      14     0.3571     0.6429     -0.3802    2.2143    3.3058    
SITE230      11     0.6364     0.9091     0.5468     0.9091    2.1742    
SITE231      7      0.4286     0.4286     -0.7342    2.8571    3.9641    
SITE234      11     0.2727     0.8182     -0.1702    1.4545    1.9069    
SITE239      15     0.4000     0.7333     0.2917     1.6667    2.3805    
SITE240      14     0.3571     0.6429     -0.9196    2.5714    3.8545    
SITE241      25     0.2800     0.6000     -0.5833    2.4400    3.4928    
SITE244      12     0.1667     0.4167     -1.3352    3.5833    4.5185    
SITE245      15     0.4000     0.6667     -0.4352    2.2667    3.5214    
SITE251      11     0.2727     0.7273     0.3395     1.6364    2.1742    
SITE253      30     0.2000     0.5667     -0.9583    2.6333    3.4785    
SITE256      5      0.2000     0.6000     -1.4569    2.6000    3.3764    
SITE258      12     0.4167     0.6667     -0.0556    1.6667    2.5166    
SITE259      9      0.3333     0.3333     -1.3491    3.8889    5.1316    
SITE261      15     0.3333     0.5333     -0.7179    2.6667    3.7947    
SITE262      20     0.3000     0.7500     -0.1111    1.7000    2.4698    
SITE268      13     0.2308     0.5385     -0.5947    2.6923    3.6268    
SITE272      13     0.1538     0.3077     -2.1778    4.3077    5.2035    
SITE276      12     0.3333     0.7500     -0.3515    1.5000    2.1985    
SITE301      5      1.0000     1.0000     1.0000     0.0000    0.0000    
SITE304      5      0.6000     0.6000     -0.6602    2.6000    4.1231    
SITE309      13     0.4615     0.6923     -0.4843    2.3077    3.6585    
SITE310      7      0.2857     0.4286     -1.4144    3.2857    4.2929    
SITE322      9      0.5556     0.6667     -0.5414    1.5556    2.6247    
SITE323      9      0.5556     0.7778     0.1107     1.3333    2.3570    
SITE324      17     0.4118     0.8235     0.3672     1.3529    2.3639    
SITE325      8      0.2500     0.6250     -0.6957    3.2500    4.4159    
SITE327      16     0.3125     0.5000     -0.9163    3.0000    4.1231    
SITE330      14     0.4286     0.7143     0.0651     1.5714    2.4202    
SITE331      7      0.4286     0.5714     -0.8541    2.5714    3.7417    
SITE332      9      0.5556     0.7778     -0.4835    1.1111    1.8257    
SITE333      5      0.8000     0.8000     -0.3333    0.8000    1.7889    
SITE334      12     0.3333     0.3333     -1.5410    3.2500    4.1733    
SITE336      5      0.6000     0.8000     -0.5625    1.2000    2.0000    
SITE338      5      0.6000     0.8000     -0.6250    1.0000    1.6125    
SITE339      8      0.2500     0.5000     -0.2256    2.1250    2.6220    
SITE340      12     0.3333     0.5000     -1.1620    2.5833    3.5237    
SITE343      12     0.5000     0.6667     0.0389     1.5000    2.4495    
SITE345      7      0.4286     0.5714     -0.8272    2.1429    3.1848    
SITE353      8      0.6250     0.6250     -0.5385    1.7500    2.9580    
SITE355      9      0.5556     0.6667     -0.4839    2.1111    3.6968    
SITE358      14     0.3571     0.6429     0.0586     1.7143    2.3604    
SITE360      8      0.5000     0.7500     0.0687     1.3750    2.2079    
SITE361      7      0.4286     0.4286     -1.1655    2.5714    3.5051    
SITE362      11     0.3636     0.5455     -0.9631    3.1818    4.5427    
SITE363      11     0.5455     0.6364     -0.5641    1.7273    2.8762    
SITE366      12     0.3333     0.4167     -1.4363    3.2500    4.2328    
SITE367      8      0.6250     0.6250     -0.4620    1.8750    3.3354    
SITE375      6      0.6667     0.6667     0.0785     1.5000    2.7386    
SITE376      9      0.3333     0.4444     -1.1852    2.6667    3.6209    
SITE377      12     0.4167     0.5833     -0.8182    2.2500    3.3541    
SITE380      8      0.3750     0.8750     0.2684     1.5000    2.3979    
SITE383      4      0.5000     0.5000     -0.8889    2.0000    2.9155    
SITE385      9      0.3333     0.6667     0.4107     1.4444    1.9149    
SITE386      11     0.5455     0.8182     -0.0544    1.4545    2.5937    
SITE388      7      0.2857     0.5714     -1.2427    2.2857    3.0706    
SITE389      11     0.6364     0.7273     -0.3657    1.6364    3.1623    
SITE397      14     0.2143     0.6429     0.2211     1.7857    2.3452    
SITE401      7      0.5714     0.5714     -0.6550    1.8571    2.9520    
SITE404      6      0.5000     0.6667     -0.3500    2.0000    3.0000    
SITE406      6      0.1667     0.1667     -2.8663    5.0000    5.9442    
SITE407      7      0.7143     0.8571     -0.2333    1.0000    2.2991    
SITE411      29     0.2759     0.6207     -0.3901    1.8966    2.4983    
SITE417      24     0.2500     0.6250     -0.0102    1.9167    2.4833    
SITE420      15     0.2000     0.6667     -0.0935    1.8667    2.2804    
SITE421      11     0.3636     0.5455     -0.9719    2.7273    3.8847    
SITE422      13     0.1538     0.6154     -0.0042    2.0000    2.3859    
SITE424      6      0.6667     0.6667     -0.4032    1.6667    3.1091    
SITE426      15     0.4667     0.7333     0.2318     1.4667    2.2509    
SITE430      9      0.4444     0.7778     0.2684     1.7778    3.0912    
SITE434      12     0.2500     0.5000     -0.1463    2.1667    2.7988    
SITE435      9      0.3333     0.4444     -1.1329    3.1111    4.2687    
SITE437      18     0.2778     0.4444     -0.8146    2.7222    3.4238    
SITE438      15     0.2667     0.8000     -0.1842    1.6000    2.3664    
SITE439      13     0.2308     0.4615     -0.1226    2.3846    3.0255    
SITE442      19     0.2632     0.5789     -0.7279    2.6842    3.6491    
SITE443      6      0.3333     0.5000     -0.6691    3.0000    4.3970    
SITE446      18     0.3333     0.6667     -0.4081    2.4444    3.5434    
SITE447      5      0.4000     0.6000     0.3925     1.6000    2.2804    
SITE454      7      0.5714     0.5714     -0.6667    2.0000    3.1623    
SITE455      9      0.4444     0.5556     -0.4233    2.6667    3.8873    
SITE460      4      0.2500     0.7500     -0.4211    2.5000    3.6742    
SITE461      5      0.2000     0.4000     -0.0045    2.6000    3.0000    
SITE463      6      0.5000     0.6667     -0.4579    2.3333    3.6056    
SITE464      8      0.5000     0.7500     -0.3928    2.3750    3.8891    
SITE468      6      0.5000     0.5000     -1.9464    3.0000    4.2817    
SITE469      4      0.7500     0.7500     -8.0909    1.2500    2.5000    
SITE471      17     0.3529     0.4118     -1.1710    3.2941    4.4853    
SITE474      6      0.3333     0.5000     -1.0000    2.5000    3.5355    
SITE477      14     0.4286     0.5714     -0.8308    2.5714    3.8173    
SITE483      9      0.2222     0.2222     -2.3514    4.4444    5.2493    
SITE485      10     0.4000     0.7000     0.6341     1.4000    1.8974    
SITE486      6      0.6667     0.6667     -0.4909    1.5000    2.6141    
SITE490      13     0.3077     0.4615     -1.3065    2.7692    3.6795    
SITE492      6      0.3333     0.6667     -0.5506    1.5000    1.9579    
SITE506      10     0.6000     0.7000     -0.4092    1.5000    2.8810    
SITE508      27     0.3333     0.7407     -0.3676    2.2222    3.3884    
SITE510      6      0.5000     0.5000     -0.7253    2.1667    3.3417    
SITE520      16     0.3750     0.5625     -0.7040    2.4375    3.4911    
SITE521      17     0.3529     0.8235     0.5833     1.5294    2.1693    
SITE522      18     0.3889     0.4444     -1.1479    3.1111    4.2557    
SITE528      11     0.5455     0.7273     -0.9085    1.8182    3.1623    
SITE538      7      0.5714     0.5714     -0.0064    2.2857    3.5857    
SITE539      7      0.4286     0.4286     -1.2716    3.2857    4.3916    
SITE540      6      0.3333     0.5000     -0.8539    3.0000    4.2817    
SITE541      9      0.5556     0.6667     0.1770     2.0000    3.2318    
SITE542      8      0.6250     0.7500     0.6778     1.1250    1.9039    
SITE545      9      0.3333     0.5556     -1.0385    3.0000    4.2032    
SITE547      7      0.4286     0.4286     -1.2604    4.7143    6.3133    
SITE556      6      0.1667     0.3333     -0.8939    3.5000    4.4535    
SITE557      19     0.2632     0.6842     -0.1116    2.1579    2.9290    
SITE561      15     0.1333     0.4667     -1.5494    3.7333    4.7889    
SITE563      10     0.3000     0.7000     -0.2941    2.3000    3.1464    
SITE564      9      0.2222     0.3333     -2.0851    4.6667    5.6765    
SITE568      7      0.2857     0.4286     -0.7711    2.5714    3.4641    
SITE569      11     0.5455     0.8182     0.2210     1.2727    2.1320    
SITE572      8      0.5000     0.6250     -0.2104    2.1250    3.2977    
SITE574      9      0.2222     0.6667     -0.0987    2.4444    3.2318    
SITE575      15     0.2000     0.6000     -0.4465    2.4000    3.1198    
SITE577      9      0.3333     0.5556     -0.3261    2.6667    3.6818    
SITE578      7      0.4286     0.8571     0.2045     1.0000    1.4639    
SITE580      6      0.3333     0.5000     -0.4800    2.6667    3.5119    
SITE581      10     0.5000     0.6000     -0.0695    1.6000    2.4495    
SITE584      8      0.5000     0.6250     -0.6751    2.1250    3.6572    
SITE587      8      0.7500     0.8750     0.7615     0.7500    1.5811    
SITE593      11     0.3636     0.7273     -0.3488    2.0000    2.8604    
SITE595      18     0.2778     0.4444     -0.5997    2.6667    3.4480    
SITE597      8      0.2500     0.5000     -0.0023    2.1250    2.6220    
SITE598      7      0.2857     0.5714     -1.0417    2.1429    3.0000    
SITE601      8      0.6250     0.7500     0.4879     1.3750    2.5739    
SITE602      12     0.3333     0.7500     -0.2253    2.0833    3.3040    
SITE606      15     0.2667     0.6000     -0.9105    3.0667    4.4422    
SITE607      12     0.2500     0.5000     -0.9373    3.0833    4.1932    
SITE610      10     0.2000     0.5000     -0.1292    2.6000    3.2249    
SITE612      14     0.2857     0.3571     -1.4694    3.2857    4.2594    
SITE616      13     0.2308     0.9231     0.7038     1.2308    1.6172    
SITE617      10     0.5000     0.7000     0.1277     1.8000    2.8636    
SITE620      17     0.4118     0.5882     -0.4686    2.4118    3.5728    
SITE622      13     0.2308     0.6154     -0.0211    2.0769    2.6747    
SITE623      8      0.2500     1.0000     0.0000     1.0000    1.2247    
SITE624      9      0.2222     0.5556     -1.4013    2.7778    3.6362    
SITE626      10     0.7000     0.9000     0.6528     0.9000    2.0248    
SITE629      13     0.2308     0.6154     -0.1182    2.3846    3.0760    
SITE639      11     0.1818     0.2727     -2.4202    4.3636    5.1874    
SITE648      7      0.2857     0.4286     -1.3832    4.1429    5.4380    
SITE658      16     0.1250     0.5000     0.1429     2.2500    2.5981    
SITE683      7      0.4286     0.7143     -1.1000    1.5714    2.1712    
SITE684      14     0.3571     0.6429     -0.5063    2.4286    3.4847    
SITE692      15     0.2000     0.3333     -1.1951    3.2000    3.7947    
SITE719      16     0.2500     0.6875     -0.1163    2.1875    2.9047    
SITE721      12     0.1667     0.7500     -0.0031    2.3333    3.0000    
SITE722      14     0.2857     0.7143     -0.0360    1.7143    2.2991    
SITE725      9      0.3333     0.5556     -0.8784    2.7778    3.9299    
SITE734      13     0.3077     0.6923     -0.3112    2.0769    3.0000    
SITE735      17     0.1765     0.4706     -0.7399    2.9412    3.7885    
SITE739      10     0.2000     0.5000     -0.0013    2.3000    2.8107    
SITE747      30     0.2000     0.6000     -0.4509    2.3000    3.0496    
SITE760      33     0.8788     0.9091     -0.0358    0.4545    1.4668    
SITE786      10     0.3000     0.8000     -0.0268    2.1000    3.3317    
SITE801      8      0.3750     0.6250     -0.6000    2.2500    3.6742    
SITE802      9      0.3333     0.7778     -0.3154    2.1111    3.2489    
SITE807      7      0.2857     0.5714     -1.3894    2.4286    3.1848    
SITE808      7      0.2857     0.4286     -1.6057    3.8571    4.9135    
SITE821      10     0.3000     0.3000     -0.9376    3.4000    4.2426    
SITE831      11     0.1818     0.2727     -2.0992    4.1818    5.0812    
SITE844      7      0.5714     0.8571     0.7594     0.7143    1.2536    
SITE852      14     0.3571     0.6429     0.0841     1.7143    2.4495    
SITE871      7      0.4286     0.5714     0.3026     2.0000    2.7775    
--------------------------------------------------------------------------------------------------------------
OVERALL      3232   0.3332     0.6300     -0.2586    2.2045    3.2048    
--------------------------------------------------------------------------------------------------------------
