--------------------------------------------------------------------------------------------------------------
Site         N      Accuracy   +-2 Acc    R2         MAE(mi)    RMSE(mi)  
--------------------------------------------------------------------------------------------------------------
SITE4        7      0.1429     0.5714     -1.5812    2.4286    2.9032    
SITE5        11     0.2727     0.8182     0.2776     1.4545    2.0000    
SITE6        13     0.3077     0.6923     0.1430     2.1538    3.1623    
SITE7        31     0.3548     0.7419     -0.0043    1.6452    2.4692    
SITE8        14     0.4286     0.8571     0.4020     1.0000    1.5584    
SITE10       16     0.3750     0.6250     -0.2462    1.9375    2.9262    
SITE11       6      0.0000     0.3333     -1.5846    4.0000    4.3205    
SITE12       16     0.3125     0.7500     0.3632     1.4375    1.9843    
SITE13       29     0.2069     0.7586     -0.6121    1.9655    2.5257    
SITE14       10     0.3000     0.8000     0.4340     1.5000    1.9748    
SITE15       19     0.4737     0.6316     -0.6441    2.2105    3.3403    
SITE17       21     0.1905     0.6667     0.0472     2.0000    2.6367    
SITE18       20     0.5500     0.8000     0.1421     1.4000    2.3664    
SITE19       44     0.4091     0.8864     0.1819     1.0682    1.9129    
SITE20       10     0.5000     0.8000     -0.2758    1.7000    3.1464    
SITE21       14     0.3571     0.8571     0.7289     1.0714    1.4880    
SITE22       60     0.3833     0.9167     0.2406     0.9500    1.4201    
SITE24       11     0.2727     0.5455     -0.3152    2.1818    2.8284    
SITE25       24     0.3333     0.7083     -0.0337    1.5833    2.2730    
SITE26       16     0.5000     0.8750     0.7418     1.0000    1.5000    
SITE29       17     0.1765     0.3529     -0.7365    3.0000    3.5892    
SITE30       13     0.3077     0.7692     -0.1268    2.0000    3.2106    
SITE33       22     0.3182     0.7727     0.2133     1.5455    2.2563    
SITE35       7      0.8571     1.0000     0.9607     0.2857    0.7559    
SITE36       10     0.5000     0.7000     0.2524     1.9000    3.0496    
SITE40       24     0.2500     0.7083     -0.2905    1.7917    2.3184    
SITE41       31     0.4839     0.8065     0.0052     1.2903    2.2718    
SITE42       12     0.4167     0.7500     0.3391     1.6667    2.5166    
SITE43       19     0.3158     0.5789     -0.5878    2.2632    3.0694    
SITE45       23     0.3913     0.7391     0.4445     1.4783    2.1264    
SITE48       16     0.3125     0.6875     -0.1442    1.9375    2.7500    
SITE49       10     0.4000     1.0000     0.7297     0.8000    1.0954    
SITE50       8      0.7500     1.0000     0.9358     0.3750    0.7906    
SITE53       15     0.2667     0.8000     0.5203     1.3333    1.7127    
SITE58       21     0.3333     0.8095     0.5780     1.1905    1.6762    
SITE59       12     0.4167     0.5833     -0.2886    2.1667    3.0551    
SITE65       13     0.3077     0.5385     -0.3531    2.5385    3.4306    
SITE66       11     0.2727     0.5455     -2.7093    3.6364    5.1346    
SITE73       18     0.3889     0.7778     0.2266     1.6667    2.8087    
SITE75       13     0.3846     0.6923     0.1756     1.6154    2.3038    
SITE76       7      0.5714     0.8571     0.6922     1.0000    1.9640    
SITE78       11     0.5455     0.8182     0.7205     1.0000    1.6787    
SITE80       6      0.8333     0.8333     0.8521     0.5000    1.2247    
SITE81       10     0.3000     0.6000     0.0933     2.1000    2.6268    
SITE84       16     0.3125     0.8125     0.1356     1.3125    1.7854    
SITE86       10     0.4000     0.7000     -0.2573    1.8000    2.9326    
SITE94       21     0.4286     0.6667     0.2071     1.5714    2.2573    
SITE95       6      0.6667     0.8333     0.8664     0.6667    1.2910    
SITE96       6      0.8333     0.8333     0.8182     0.5000    1.2247    
SITE97       7      0.8571     0.8571     0.6137     1.0000    2.6458    
SITE98       20     0.3000     0.6000     -0.1756    2.0000    2.8461    
SITE104      12     0.2500     0.7500     0.0551     1.5000    2.0412    
SITE106      14     0.2857     0.9286     0.6628     1.2143    1.6257    
SITE111      15     0.4667     0.6667     0.2279     1.6000    2.5560    
SITE115      17     0.1765     0.6471     0.0355     2.0588    2.5088    
SITE116      14     0.2143     0.7143     0.2777     1.7143    2.3299    
SITE117      24     0.5000     0.7500     0.1902     1.2083    1.8819    
SITE119      12     0.3333     0.7500     0.3505     1.7500    2.2913    
SITE125      8      0.3750     0.7500     0.0571     1.7500    2.8284    
SITE127      16     0.3750     0.8750     0.5625     1.0625    1.4790    
SITE128      18     0.2778     0.6111     -0.0335    1.9444    2.6352    
SITE129      15     0.3333     0.6667     -0.3659    2.3333    3.2965    
SITE132      8      0.3750     0.6250     -1.2247    2.8750    4.3445    
SITE134      9      0.4444     0.6667     -0.2814    1.7778    3.0551    
SITE156      17     0.4706     0.8824     0.5854     0.9412    1.6803    
SITE160      10     0.2000     0.8000     0.4630     1.5000    1.9235    
SITE161      14     0.4286     0.7143     0.4969     1.2857    1.8127    
SITE165      7      0.4286     0.7143     0.5081     1.4286    1.9272    
SITE167      11     0.3636     0.6364     -0.5253    2.0000    3.0748    
SITE168      10     0.4000     0.9000     0.6878     1.2000    1.7321    
SITE169      14     0.3571     0.5000     0.0884     1.7857    2.4054    
SITE171      14     0.2857     0.6429     -0.1518    2.0714    2.7124    
SITE178      12     0.4167     1.0000     0.7926     0.7500    1.0408    
SITE179      27     0.1852     0.5926     -0.6195    2.4074    3.0246    
SITE186      19     0.3684     0.6316     0.1195     1.9474    2.7815    
SITE193      15     0.4667     0.7333     0.1099     1.8000    2.9326    
SITE194      18     0.2778     0.7222     -0.5828    1.9444    2.5927    
SITE198      14     0.4286     0.6429     -0.9652    2.0714    3.1282    
SITE203      33     0.3939     0.8485     0.5167     1.2727    1.8586    
SITE205      24     0.2917     0.7917     0.2755     1.5833    2.1409    
SITE207      12     0.3333     0.8333     0.1351     1.1667    1.8257    
SITE208      13     0.3846     0.9231     0.3766     1.3846    2.2871    
SITE209      8      0.2500     0.6250     0.1927     1.6250    2.0310    
SITE212      9      0.2222     0.2222     -1.3852    3.5556    4.0825    
SITE215      33     0.4545     0.8485     0.4921     1.1818    1.9618    
SITE217      16     0.4375     0.7500     0.4074     1.3750    2.0000    
SITE219      15     0.5333     0.6667     0.2347     1.4667    2.4495    
SITE229      14     0.4286     0.7143     0.0438     1.7143    2.7516    
SITE230      11     0.6364     0.7273     0.4770     1.2727    2.3355    
SITE231      7      0.4286     0.5714     0.1486     2.0000    2.7775    
SITE234      11     0.3636     0.7273     -0.1702    1.4545    1.9069    
SITE239      15     0.5333     0.8667     0.4500     1.2000    2.0976    
SITE240      14     0.3571     0.8571     0.5386     1.2857    1.8898    
SITE241      25     0.3200     0.6800     -0.0797    1.9200    2.8844    
SITE244      12     0.4167     0.7500     0.6092     1.2500    1.8484    
SITE245      15     0.4000     0.6000     -0.2346    2.2667    3.2660    
SITE251      11     0.4545     0.7273     -0.0162    1.6364    2.6968    
SITE253      30     0.2333     0.7333     -0.0196    1.8333    2.5100    
SITE256      5      0.4000     0.8000     0.2672     1.4000    1.8439    
SITE258      12     0.3333     0.7500     -0.0556    1.6667    2.5166    
SITE259      9      0.4444     0.6667     -0.2885    2.4444    3.8006    
SITE261      15     0.4000     0.6667     0.0376     1.8000    2.8402    
SITE262      20     0.2500     0.8000     -0.3934    1.8500    2.7659    
SITE268      13     0.3846     0.5385     -0.3615    2.3077    3.3512    
SITE272      13     0.4615     0.7692     -0.0111    1.6923    2.9352    
SITE276      12     0.6667     0.9167     0.5806     0.6667    1.2247    
SITE301      5      1.0000     1.0000     1.0000     0.0000    0.0000    
SITE304      5      0.8000     0.8000     0.0430     1.4000    3.1305    
SITE309      13     0.5385     0.8462     0.6161     1.1538    1.8605    
SITE310      7      0.4286     0.7143     0.0080     1.8571    2.7516    
SITE322      9      0.6667     0.7778     0.4530     0.8889    1.5635    
SITE323      9      0.6667     0.8889     0.7510     0.6667    1.2472    
SITE324      17     0.2941     0.5882     -0.0925    2.2353    3.1060    
SITE325      8      0.6250     0.8750     0.8478     0.7500    1.3229    
SITE327      16     0.5000     0.8750     0.6970     0.9375    1.6394    
SITE330      14     0.4286     0.7143     0.0993     1.6429    2.3755    
SITE331      7      0.5714     0.7143     0.5081     1.1429    1.9272    
SITE332      9      0.4444     0.7778     -0.3846    1.1111    1.7638    
SITE333      5      0.8000     0.8000     0.2500     0.6000    1.3416    
SITE334      12     0.5000     0.6667     0.4529     1.2500    1.9365    
SITE336      5      0.4000     0.8000     -0.8750    1.6000    2.1909    
SITE338      5      0.6000     0.8000     -0.6250    1.0000    1.6125    
SITE339      8      0.3750     0.6250     0.1309     1.6250    2.2079    
SITE340      12     0.5000     0.8333     0.5937     1.0000    1.5275    
SITE343      12     0.5833     0.7500     0.5195     1.0000    1.7321    
SITE345      7      0.4286     0.8571     0.6140     1.0000    1.4639    
SITE353      8      0.7500     0.8750     0.7802     0.5000    1.1180    
SITE355      9      0.7778     0.8889     0.3968     0.8889    2.3570    
SITE358      14     0.3571     0.7143     0.2397     1.5000    2.1213    
SITE360      8      0.6250     0.7500     -0.0030    1.2500    2.2913    
SITE361      7      0.5714     0.8571     0.6475     0.8571    1.4142    
SITE362      11     0.6364     0.9091     0.6368     0.9091    1.9540    
SITE363      11     0.4545     0.4545     -1.0109    2.2727    3.2613    
SITE366      12     0.2500     0.5000     -0.7564    2.7500    3.5940    
SITE367      8      0.8750     0.8750     0.8522     0.3750    1.0607    
SITE375      6      0.8333     0.8333     0.8157     0.5000    1.2247    
SITE376      9      0.4444     0.6667     0.1667     1.4444    2.2361    
SITE377      12     0.5833     0.9167     0.5690     0.8333    1.6330    
SITE380      8      0.6250     0.8750     0.6660     0.8750    1.6202    
SITE383      4      0.2500     0.5000     -0.2222    2.0000    2.3452    
SITE385      9      0.3333     0.6667     0.2321     1.6667    2.1858    
SITE386      11     0.6364     0.9091     0.7863     0.6364    1.1677    
SITE388      7      0.5714     1.0000     0.7961     0.5714    0.9258    
SITE389      11     0.6364     0.8182     0.1806     1.2727    2.4495    
SITE397      14     0.4286     0.7857     0.4841     1.2143    1.9086    
SITE401      7      0.5714     0.7143     -0.3295    1.5714    2.6458    
SITE404      6      0.8333     0.8333     0.3750     0.8333    2.0412    
SITE406      6      0.5000     0.6667     -0.0760    1.8333    3.1358    
SITE407      7      0.8571     0.8571     -0.2000    0.8571    2.2678    
SITE411      29     0.2759     0.6552     -0.6435    2.0000    2.7165    
SITE417      24     0.3333     0.6667     0.0717     1.6667    2.3805    
SITE420      15     0.2667     0.8667     0.2991     1.3333    1.8257    
SITE421      11     0.5455     0.7273     0.0734     1.6364    2.6629    
SITE422      13     0.3077     0.7692     0.4301     1.3846    1.7974    
SITE424      6      0.3333     0.3333     -0.0403    2.1667    2.6771    
SITE426      15     0.4667     0.7333     0.2318     1.4667    2.2509    
SITE430      9      0.4444     0.7778     0.2684     1.7778    3.0912    
SITE434      12     0.5833     0.8333     0.5854     1.0000    1.6833    
SITE435      9      0.4444     0.6667     0.3237     1.5556    2.4037    
SITE437      18     0.1111     0.3889     -0.8576    3.0000    3.4641    
SITE438      15     0.4667     0.8667     0.0132     1.2000    2.1602    
SITE439      13     0.6154     0.8462     0.5943     1.0000    1.8187    
SITE442      19     0.4211     0.8421     0.5629     1.1579    1.8353    
SITE443      6      0.3333     0.3333     -1.4604    4.1667    5.3385    
SITE446      18     0.3889     0.7222     -0.2399    2.1667    3.3250    
SITE447      5      0.4000     0.6000     0.1822     1.8000    2.6458    
SITE454      7      0.7143     0.7143     -0.0714    1.2857    2.5355    
SITE455      9      0.3333     0.4444     -0.4233    2.8889    3.8873    
SITE460      4      0.5000     0.7500     0.3158     1.5000    2.5495    
SITE461      5      0.4000     0.8000     0.5313     1.4000    2.0494    
SITE463      6      0.5000     0.6667     -0.1589    2.0000    3.2146    
SITE464      8      0.5000     0.8750     0.3324     1.5000    2.6926    
SITE468      6      0.3333     0.5000     -1.4107    3.0000    3.8730    
SITE469      4      0.5000     1.0000     -0.8182    0.7500    1.1180    
SITE471      17     0.5294     0.7647     0.5302     1.2941    2.0864    
SITE474      6      0.5000     0.6667     -0.5733    1.8333    3.1358    
SITE477      14     0.5000     0.8571     0.5333     1.1429    1.9272    
SITE483      9      0.3333     0.5556     -0.8243    2.7778    3.8730    
SITE485      10     0.4000     0.9000     0.7663     1.1000    1.5166    
SITE486      6      0.8333     1.0000     0.9636     0.1667    0.4082    
SITE490      13     0.3846     0.7692     0.2530     1.4615    2.0939    
SITE492      6      0.8333     1.0000     0.9326     0.1667    0.4082    
SITE506      10     0.6000     0.7000     -0.0187    1.4000    2.4495    
SITE508      27     0.4444     0.7037     0.1574     1.6667    2.6597    
SITE510      6      0.6667     0.6667     -0.4936    1.6667    3.1091    
SITE520      16     0.5000     0.8125     0.5718     1.0625    1.7500    
SITE521      17     0.4118     0.7647     0.5833     1.5294    2.1693    
SITE522      18     0.5556     0.6667     0.1105     1.6111    2.7386    
SITE528      11     0.6364     0.7273     0.3407     1.0909    1.8586    
SITE538      7      0.2857     0.5714     0.0048     2.7143    3.5657    
SITE539      7      0.5714     0.8571     0.4952     1.1429    2.0702    
SITE540      6      0.3333     0.5000     -0.0281    2.5000    3.1885    
SITE541      9      0.4444     0.6667     0.5535     1.6667    2.3805    
SITE542      8      0.5000     0.6250     0.6111     1.3750    2.0917    
SITE545      9      0.5556     0.6667     0.0385     1.6667    2.8868    
SITE547      7      0.8571     0.8571     0.7083     0.8571    2.2678    
SITE556      6      0.3333     0.6667     0.2520     1.8333    2.7988    
SITE557      19     0.4211     0.8421     0.6795     1.1053    1.5728    
SITE561      15     0.4667     0.7333     0.3330     1.4667    2.4495    
SITE563      10     0.5000     0.7000     0.1111     1.6000    2.6077    
SITE564      9      0.5556     0.7778     0.6064     1.2222    2.0276    
SITE568      7      0.8571     1.0000     0.9789     0.1429    0.3780    
SITE569      11     0.5455     0.8182     0.6261     0.9091    1.4771    
SITE572      8      0.6250     1.0000     0.9165     0.5000    0.8660    
SITE574      9      0.4444     0.7778     0.2519     1.5556    2.6667    
SITE575      15     0.4667     0.6000     -0.9022    2.4000    3.5777    
SITE577      9      0.5556     0.7778     0.4891     1.2222    2.2852    
SITE578      7      0.5714     0.8571     0.0985     1.0000    1.5584    
SITE580      6      0.3333     0.6667     -0.5600    2.3333    3.6056    
SITE581      10     0.8000     1.0000     0.9643     0.2000    0.4472    
SITE584      8      0.7500     1.0000     0.9217     0.3750    0.7906    
SITE587      8      0.8750     0.8750     0.8092     0.5000    1.4142    
SITE593      11     0.7273     0.8182     0.0708     1.0909    2.3741    
SITE595      18     0.3889     0.6111     -0.0316    1.8889    2.7689    
SITE597      8      0.6250     0.8750     0.6720     0.7500    1.5000    
SITE598      7      0.2857     0.8571     0.4815     1.1429    1.5119    
SITE601      8      0.7500     1.0000     0.9807     0.2500    0.5000    
SITE602      12     0.3333     0.7500     -0.0008    1.9167    2.9861    
SITE606      15     0.6000     0.8000     0.3094     1.4000    2.6708    
SITE607      12     0.4167     0.6667     0.2379     1.7500    2.6300    
SITE610      10     0.5000     0.9000     0.7611     1.0000    1.4832    
SITE612      14     0.3571     0.5000     -0.1569    2.0714    2.9155    
SITE616      13     0.5385     0.9231     0.8519     0.6923    1.1435    
SITE617      10     0.5000     0.9000     0.7553     0.9000    1.5166    
SITE620      17     0.4706     0.7059     0.3774     1.5294    2.3263    
SITE622      13     0.3846     0.6923     0.3412     1.5385    2.1483    
SITE623      8      0.3750     1.0000     0.5833     0.6250    0.7906    
SITE624      9      0.4444     0.7778     -0.1502    1.6667    2.5166    
SITE626      10     0.7000     0.9000     0.8476     0.6000    1.3416    
SITE629      13     0.5385     0.6154     0.3455     1.5385    2.3534    
SITE639      11     0.4545     0.9091     0.7227     0.9091    1.4771    
SITE648      7      0.5714     0.8571     0.8388     0.8571    1.4142    
SITE658      16     0.1875     0.6250     0.4683     1.6875    2.0463    
SITE683      7      0.4286     1.0000     0.1727     1.0000    1.3628    
SITE684      14     0.5000     0.8571     0.5747     1.1429    1.8516    
SITE692      15     0.3333     0.6667     0.0549     1.8000    2.4900    
SITE719      16     0.4375     0.7500     0.2475     1.5625    2.3848    
SITE721      12     0.5000     0.7500     0.4892     1.4167    2.1409    
SITE722      14     0.1429     0.5000     -0.4000    2.2857    2.6726    
SITE725      9      0.3333     0.6667     -0.5946    2.4444    3.6209    
SITE734      13     0.3846     0.6923     -0.0310    1.8462    2.6602    
SITE735      17     0.3529     0.8235     0.4937     1.3529    2.0436    
SITE739      10     0.4000     0.7000     0.4550     1.5000    2.0736    
SITE747      30     0.3000     0.7333     0.0276     1.7000    2.4967    
SITE760      33     0.8788     0.9091     -0.0358    0.4545    1.4668    
SITE786      10     0.4000     0.9000     0.7225     1.0000    1.7321    
SITE801      8      0.5000     0.8750     0.4222     1.1250    2.2079    
SITE802      9      0.5556     1.0000     0.9031     0.5556    0.8819    
SITE807      7      0.4286     0.5714     -1.0529    2.1429    2.9520    
SITE808      7      0.7143     1.0000     0.8767     0.5714    1.0690    
SITE821      10     0.3000     0.4000     -1.0560    3.3000    4.3704    
SITE831      11     0.3636     0.6364     0.0288     1.9091    2.8445    
SITE844      7      0.5714     0.8571     0.7594     0.7143    1.2536    
SITE852      14     0.4286     0.8571     0.5312     1.2143    1.7525    
SITE871      7      0.5714     0.7143     0.6642     1.1429    1.9272    
--------------------------------------------------------------------------------------------------------------
OVERALL      3232   0.4298     0.7491     0.2986     1.5152    2.3924    
--------------------------------------------------------------------------------------------------------------
