--------------------------------------------------------------------------------------------------------------
Site         N      Accuracy   +-2 Acc    R2         MAE(mi)    RMSE(mi)  
--------------------------------------------------------------------------------------------------------------
SITE4        12     0.1667     0.6667     -3.0312    2.5833    3.2787    
SITE5        16     0.1875     0.4375     -1.3550    2.3750    2.9155    
SITE6        9      0.2222     0.6667     0.5323     1.6667    2.2361    
SITE7        37     0.1892     0.4865     -0.7731    2.6757    3.4130    
SITE8        15     0.3333     0.7333     -0.5726    1.6000    2.2804    
SITE10       18     0.2222     0.7222     0.3774     1.6667    2.1082    
SITE11       7      0.4286     0.7143     -0.4135    1.7143    2.4495    
SITE12       17     0.1765     0.6471     -0.6871    1.9412    2.4853    
SITE13       36     0.2778     0.6389     -0.4767    1.9167    2.4664    
SITE14       6      0.1667     0.3333     -1.2222    2.3333    2.5820    
SITE15       18     0.3333     0.8333     0.5204     1.3333    1.7951    
SITE17       27     0.1852     0.7407     0.4568     1.5926    1.9532    
SITE18       24     0.4167     0.7500     0.3449     1.3750    1.9685    
SITE19       47     0.4043     0.8936     0.5710     0.9787    1.4586    
SITE20       12     0.2500     0.8333     0.3182     1.4167    2.1409    
SITE21       13     0.5385     0.7692     0.1398     1.6154    2.7316    
SITE22       63     0.4762     0.9365     0.2027     0.9206    1.4800    
SITE24       10     0.5000     0.8000     -0.5333    1.4000    2.1448    
SITE25       25     0.1200     0.6800     -0.3235    1.9600    2.3238    
SITE26       16     0.3125     0.7500     0.2826     1.6875    2.4875    
SITE29       18     0.0556     0.3889     -1.8400    3.2778    3.9511    
SITE30       17     0.1765     0.6471     -0.1796    2.1765    2.8800    
SITE33       26     0.1538     0.5000     -0.4984    2.3462    2.8622    
SITE35       8      0.6250     0.7500     0.0443     1.5000    2.7839    
SITE36       9      0.4444     0.5556     -0.2302    2.6667    4.1096    
SITE40       25     0.3200     0.6000     -1.0202    2.1600    2.8844    
SITE41       35     0.1714     0.6286     -0.8690    2.3429    3.0332    
SITE42       10     0.1000     0.4000     -4.6459    3.0000    3.4351    
SITE43       21     0.0952     0.2857     -2.8994    3.8571    4.3480    
SITE45       30     0.2000     0.6667     -0.4332    2.1667    2.8107    
SITE48       18     0.3889     0.8333     0.3779     1.3333    1.8257    
SITE49       7      0.2857     0.4286     -3.3663    3.1429    4.2426    
SITE50       13     0.3077     0.5385     0.0439     2.2308    2.8956    
SITE53       17     0.2941     0.5882     0.1340     1.7059    2.1828    
SITE58       24     0.1250     0.6250     -0.5754    2.3750    3.1024    
SITE59       15     0.3333     0.5333     -1.3473    2.8667    4.0906    
SITE65       8      0.2500     0.8750     0.3226     1.7500    2.2913    
SITE66       9      0.0000     0.2222     -2.9375    4.0000    4.4969    
SITE73       18     0.5000     0.8333     0.4309     1.2778    2.4381    
SITE75       15     0.2000     0.4000     -1.5549    3.0000    3.8035    
SITE76       9      0.0000     0.2222     -1.0566    4.4444    4.9216    
SITE78       7      0.1429     0.8571     0.1121     2.0000    3.5051    
SITE80       7      0.7143     0.7143     0.7658     0.8571    1.6036    
SITE81       12     0.6667     0.9167     0.6452     0.8333    1.5275    
SITE84       20     0.1500     0.9000     0.2753     1.3000    1.6125    
SITE86       7      0.1429     0.4286     -0.8200    2.4286    3.0472    
SITE94       25     0.2000     0.6000     -0.3526    2.1200    2.9052    
SITE95       4      0.7500     0.7500     -3.0000    1.5000    3.0000    
SITE96       8      0.2500     0.5000     -0.3667    1.8750    2.2638    
SITE97       5      1.0000     1.0000     1.0000     0.0000    0.0000    
SITE98       17     0.2941     0.7647     0.2181     1.7059    2.3389    
SITE104      13     0.3077     0.7692     -0.1752    1.7692    2.4962    
SITE106      17     0.0588     0.5882     -0.8450    2.5294    3.1901    
SITE111      16     0.2500     0.6250     -0.7500    2.1250    2.8062    
SITE115      25     0.2400     0.8400     -0.1466    1.6800    2.3833    
SITE116      13     0.2308     0.6923     0.3080     1.5385    2.0755    
SITE117      29     0.1379     0.6207     -0.6376    2.1379    2.6652    
SITE119      10     0.1000     0.5000     -1.2587    3.0000    3.5214    
SITE125      3      0.3333     0.6667     -0.9898    3.0000    4.6547    
SITE127      19     0.1579     0.7895     -0.3052    1.6316    2.0391    
SITE128      25     0.1600     0.5600     -0.4792    2.2800    2.9189    
SITE129      23     0.0435     0.4783     -0.8472    2.6522    3.1965    
SITE132      12     0.1667     0.7500     -0.4497    2.5833    3.5940    
SITE134      5      0.4000     0.4000     -3.3617    2.8000    4.0497    
SITE156      22     0.4091     0.7727     0.4404     1.2727    1.8586    
SITE160      10     0.3000     0.7000     -1.3904    2.3000    3.3015    
SITE161      18     0.3333     0.5556     0.0108     1.7778    2.3805    
SITE165      12     0.2500     0.5000     -0.5714    2.4167    3.1754    
SITE167      13     0.3077     0.6154     -1.4884    2.3846    3.5626    
SITE168      15     0.4000     0.9333     0.6852     1.1333    1.7321    
SITE169      15     0.1333     0.4000     -2.6640    3.4000    4.2973    
SITE171      17     0.3529     0.5882     -0.8155    2.3529    3.4128    
SITE178      11     0.1818     0.6364     -1.1624    2.3636    2.8920    
SITE179      32     0.3125     0.6562     -0.6327    2.1875    3.1623    
SITE186      24     0.3333     0.6250     -0.0417    2.0833    2.9155    
SITE193      19     0.3684     0.7895     0.5143     1.4211    1.9868    
SITE194      27     0.2222     0.6667     -0.3583    2.0000    2.5820    
SITE198      21     0.1905     0.7143     -1.0169    2.0476    2.8031    
SITE203      40     0.3250     0.7750     0.4604     1.4750    2.0310    
SITE205      26     0.1923     0.5769     -0.6985    2.5385    3.2225    
SITE207      15     0.2000     0.8667     -1.7750    1.2667    1.5706    
SITE208      18     0.2222     0.6667     -0.4149    2.4444    3.2830    
SITE209      7      0.1429     0.5714     -2.6217    3.2857    4.1231    
SITE212      6      0.0000     0.5000     -5.7723    3.6667    4.3589    
SITE215      33     0.3636     0.6061     -0.2037    1.9091    2.7136    
SITE217      20     0.5000     0.7000     -0.1596    1.3500    2.2913    
SITE219      16     0.1875     0.5625     -0.5798    2.6250    3.4278    
SITE229      17     0.2941     0.8235     -0.1276    1.8235    2.6234    
SITE230      8      0.3750     0.8750     0.8768     0.8750    1.2748    
SITE231      4      0.2500     1.0000     0.6667     1.0000    1.2247    
SITE234      9      0.3333     0.7778     -1.2959    1.2222    1.6667    
SITE239      16     0.4375     0.8750     0.1346     1.5000    2.2361    
SITE240      16     0.3125     0.7500     0.1529     1.5000    2.2361    
SITE241      29     0.3793     0.5862     0.2493     1.7241    2.3635    
SITE244      12     0.2500     0.6667     0.3885     1.8333    2.3094    
SITE245      14     0.4286     0.6429     -0.2886    2.0714    3.0822    
SITE251      17     0.1765     0.5294     -1.1162    2.5882    3.2540    
SITE253      28     0.1429     0.7857     0.4045     1.5714    2.0874    
SITE256      6      0.0000     0.6667     -1.4127    2.6667    3.5590    
SITE258      14     0.3571     0.7143     0.2514     1.5714    2.2991    
SITE259      5      0.6000     0.6000     -1.9630    1.6000    2.5298    
SITE261      23     0.3478     0.5652     -0.3004    2.0435    2.7897    
SITE262      24     0.1667     0.7500     0.0670     1.7917    2.2638    
SITE268      13     0.3077     0.7692     0.5485     1.3077    1.8187    
SITE272      17     0.2353     0.8235     0.3525     1.4706    1.7987    
SITE276      10     0.7000     0.8000     0.2568     0.8000    1.4832    
SITE301      5      1.0000     1.0000     nan        0.0000    0.0000    
SITE304      4      0.5000     0.5000     -1.6667    3.0000    4.2426    
SITE309      13     0.6923     0.7692     0.6314     1.0000    1.9415    
SITE310      7      0.5714     0.8571     0.1340     1.1429    1.8516    
SITE322      8      0.5000     0.7500     -0.9324    1.5000    2.5000    
SITE323      9      0.5556     0.8889     0.7332     0.7778    1.2910    
SITE324      15     0.4000     1.0000     0.8867     0.7333    1.0000    
SITE325      10     0.9000     1.0000     0.9714     0.2000    0.6325    
SITE327      17     0.2353     0.5294     -0.8349    2.8824    3.8578    
SITE330      15     0.4000     0.6667     0.0587     1.7333    2.4766    
SITE331      7      0.5714     0.7143     0.1880     1.2857    2.0354    
SITE332      10     0.5000     1.0000     0.5580     0.6000    0.8944    
SITE333      7      0.4286     0.7143     -0.7246    1.4286    2.2039    
SITE334      8      0.6250     0.7500     0.4211     1.0000    1.6583    
SITE336      6      0.5000     0.6667     -1.8500    1.6667    2.5166    
SITE338      5      0.6000     0.8000     -0.6250    1.0000    1.6125    
SITE339      8      0.6250     0.8750     0.4237     0.8750    1.4577    
SITE340      12     0.3333     0.7500     0.2869     1.5000    2.0817    
SITE343      12     0.5833     0.5833     -0.0834    1.5833    2.5658    
SITE345      6      0.5000     0.5000     -0.3393    2.0000    2.8868    
SITE353      10     0.6000     0.7000     -0.0365    1.5000    2.6646    
SITE355      10     0.7000     0.8000     0.8167     0.8000    1.4832    
SITE358      17     0.3529     0.6471     -2.2760    1.8235    2.5553    
SITE360      8      0.3750     0.6250     -2.0316    1.5000    2.1213    
SITE361      6      0.5000     0.6667     0.5190     1.1667    1.7795    
SITE362      12     0.2500     0.6667     0.0144     2.1667    3.0822    
SITE363      10     0.5000     0.8000     0.5536     1.1000    1.8708    
SITE366      12     0.5000     0.6667     0.1074     1.5000    2.4495    
SITE367      8      0.6250     0.6250     -0.3140    1.2500    2.0616    
SITE375      7      0.7143     1.0000     0.9359     0.4286    0.8452    
SITE376      10     0.5000     0.6000     -0.4029    1.8000    2.7928    
SITE377      17     0.2941     0.5882     -0.0932    2.0000    2.6568    
SITE380      8      0.5000     0.6250     0.1889     1.6250    2.5249    
SITE383      5      0.2000     0.4000     -0.8617    2.2000    2.6458    
SITE385      9      0.3333     0.7778     0.0680     1.4444    1.9720    
SITE386      13     0.3846     0.6154     0.4857     1.5385    2.1122    
SITE388      6      0.3333     0.5000     -0.1553    1.8333    2.2730    
SITE389      11     0.7273     0.8182     0.5206     0.6364    1.3143    
SITE397      16     0.3125     0.6250     -0.5914    2.0625    2.6339    
SITE401      5      0.4000     0.4000     -0.8750    2.4000    3.2863    
SITE404      7      0.4286     0.5714     -0.5120    2.0000    2.7775    
SITE406      6      0.1667     0.6667     0.3115     1.8333    2.4152    
SITE407      6      0.8333     0.8333     0.6879     0.5000    1.2247    
SITE411      33     0.1212     0.6667     -0.6085    2.3333    2.8868    
SITE417      34     0.2353     0.6765     0.0246     1.9118    2.4793    
SITE420      16     0.2500     0.5625     -0.5403    2.1875    2.8395    
SITE421      11     0.0909     0.5455     -0.4488    2.5455    3.1334    
SITE422      12     0.2500     0.5833     -0.7120    2.2500    3.0139    
SITE424      4      1.0000     1.0000     1.0000     0.0000    0.0000    
SITE426      17     0.4706     0.7059     -0.4455    1.5882    2.6234    
SITE430      5      0.6000     0.6000     -19.4167   2.8000    4.4272    
SITE434      11     0.4545     0.7273     0.3592     1.2727    1.8091    
SITE435      12     0.4167     0.7500     0.3005     1.6667    2.7386    
SITE437      26     0.2692     0.5000     -1.3166    2.4231    3.2404    
SITE438      19     0.3158     0.8947     0.4545     1.1053    1.4690    
SITE439      13     0.3077     0.6154     -0.3031    1.9231    2.5570    
SITE442      17     0.2941     0.8235     -0.4636    1.7647    2.4734    
SITE443      3      0.6667     0.6667     -0.5000    1.0000    1.7321    
SITE446      18     0.1667     0.5556     -1.4866    3.5000    4.5765    
SITE447      7      0.0000     0.4286     -0.4242    3.1429    3.6645    
SITE454      5      0.8000     0.8000     -0.2500    0.6000    1.3416    
SITE455      9      0.0000     0.4444     -1.0588    3.7778    4.8305    
SITE460      4      0.0000     0.5000     -0.8421    3.5000    4.1833    
SITE461      6      0.0000     0.3333     -1.1297    3.6667    4.1633    
SITE463      7      0.2857     0.4286     -1.2912    3.2857    4.2594    
SITE464      7      0.5714     0.7143     -0.3188    2.2857    3.8545    
SITE468      8      0.1250     0.2500     -3.3294    3.5000    4.1533    
SITE469      5      0.2000     0.6000     -10.5000   2.4000    3.0332    
SITE471      19     0.3684     0.6316     0.2724     1.6842    2.3620    
SITE474      7      0.1429     0.7143     -0.4964    2.1429    2.9032    
SITE477      13     0.5385     0.8462     0.5080     1.0769    1.7097    
SITE483      9      0.3333     0.7778     0.3848     1.4444    1.9720    
SITE485      14     0.2143     0.5714     0.1136     2.0714    2.6322    
SITE486      5      0.8000     0.8000     0.5500     0.6000    1.3416    
SITE490      13     0.5385     0.7692     0.1136     1.3077    2.2014    
SITE492      7      0.4286     0.5714     -0.5806    1.4286    2.0000    
SITE506      15     0.7333     0.7333     0.1667     1.3333    2.5820    
SITE508      34     0.3529     0.6176     -0.0664    2.0588    2.9902    
SITE510      7      0.4286     0.5714     0.2899     1.4286    2.0000    
SITE520      12     0.6667     0.9167     0.7619     0.5833    1.1180    
SITE521      17     0.4706     0.5882     0.1156     2.0588    3.0390    
SITE522      21     0.5238     0.9048     0.7749     0.8095    1.3628    
SITE528      12     0.4167     0.5833     -0.5852    1.9167    2.7839    
SITE538      7      0.2857     0.7143     0.2632     2.0000    2.5071    
SITE539      6      0.1667     0.6667     -0.0667    2.0000    2.5820    
SITE540      2      1.0000     1.0000     nan        0.0000    0.0000    
SITE541      7      0.5714     1.0000     0.8895     0.7143    1.1339    
SITE542      13     0.4615     0.6923     0.5678     1.3846    2.0000    
SITE545      6      0.5000     1.0000     -1.0000    1.0000    1.4142    
SITE547      4      1.0000     1.0000     1.0000     0.0000    0.0000    
SITE556      4      0.0000     0.2500     -4.1667    2.7500    2.7839    
SITE557      19     0.2105     0.7895     0.0531     1.8421    2.5236    
SITE561      10     0.3000     1.0000     0.7989     1.1000    1.3784    
SITE563      8      0.2500     0.8750     0.2239     1.5000    1.8028    
SITE564      5      0.2000     0.6000     -1.2768    3.2000    4.5166    
SITE568      6      0.1667     0.6667     -0.0048    1.8333    2.4152    
SITE569      13     0.3077     0.6154     -1.4799    1.9231    2.7033    
SITE572      5      0.4000     0.6000     -20.2500   3.2000    4.5166    
SITE574      6      0.1667     0.6667     -6.7143    2.8333    4.0620    
SITE575      16     0.1875     0.5625     -0.6207    2.6250    3.4278    
SITE577      8      0.3750     0.3750     0.0909     1.8750    2.3717    
SITE578      10     0.6000     0.7000     -1.1299    1.6000    2.8636    
SITE580      5      0.4000     0.8000     -5.5625    1.4000    2.0494    
SITE581      9      0.5556     0.8889     0.3094     1.0000    1.8559    
SITE584      8      0.3750     0.6250     -0.7727    1.6250    2.2079    
SITE587      7      0.5714     0.7143     -6.8750    1.7143    2.7775    
SITE593      9      0.5556     0.8889     -4.6638    1.4444    2.8480    
SITE595      18     0.4444     0.6667     -0.1086    1.6667    2.5604    
SITE597      8      0.3750     0.6250     -0.1661    1.6250    2.3184    
SITE598      11     0.1818     0.6364     -0.6268    1.9091    2.3932    
SITE601      6      0.8333     1.0000     0.9903     0.1667    0.4082    
SITE602      16     0.3750     0.8125     -0.2463    1.8750    2.9791    
SITE606      13     0.3846     0.9231     0.8600     0.8462    1.2089    
SITE607      9      0.2222     0.6667     0.4253     1.8889    2.4267    
SITE610      9      0.3333     0.5556     -1.9286    3.1111    4.2687    
SITE612      15     0.2667     0.7333     -0.1137    1.8667    2.5033    
SITE616      16     0.3750     0.6250     0.1632     1.7500    2.3979    
SITE617      10     0.3000     0.9000     0.6121     1.3000    1.6432    
SITE620      18     0.6111     0.8889     0.1618     1.2222    2.5166    
SITE622      9      0.4444     0.7778     0.3744     1.2222    1.8559    
SITE623      11     0.3636     1.0000     0.0928     0.9091    1.2060    
SITE624      8      0.2500     0.5000     -0.4262    2.2500    2.8284    
SITE626      10     0.3000     1.0000     0.8861     0.9000    1.1402    
SITE629      11     0.0909     0.2727     -1.2769    3.9091    4.4620    
SITE639      12     0.2500     0.6667     -0.2968    1.9167    2.3629    
SITE648      3      0.6667     0.6667     -0.5000    1.0000    1.7321    
SITE658      16     0.1875     0.5000     -0.7262    2.8125    3.5444    
SITE683      7      0.4286     0.7143     -0.9634    1.2857    1.8127    
SITE684      15     0.4667     0.6000     -0.4120    2.2667    3.3665    
SITE692      18     0.2778     0.7778     0.0000     1.5556    2.0276    
SITE719      21     0.1905     0.7143     -0.0628    2.1429    2.8868    
SITE721      14     0.2143     0.5000     -0.7071    2.7857    3.5757    
SITE722      13     0.2308     0.8462     0.3024     1.5385    1.8397    
SITE725      7      0.4286     0.5714     -0.1555    2.1429    3.1396    
SITE734      11     0.3636     0.6364     -0.5459    1.6364    2.1742    
SITE735      20     0.2500     0.6500     0.3382     1.7500    2.4393    
SITE739      9      0.1111     0.5556     -2.8500    2.5556    2.9250    
SITE747      35     0.1429     0.7429     0.1687     1.8000    2.3725    
SITE760      36     0.8889     0.9722     0.0000     0.1667    0.5774    
SITE786      9      0.4444     1.0000     0.8401     0.8889    1.2472    
SITE801      10     0.4000     0.9000     0.7119     0.9000    1.4491    
SITE802      7      0.4286     0.8571     -6.5000    1.5714    2.5355    
SITE807      9      0.2222     0.6667     -0.5278    1.8889    2.4721    
SITE808      5      0.6000     0.8000     -10.0417   1.8000    3.2558    
SITE821      7      0.1429     0.2857     -6.8750    4.4286    5.1962    
SITE831      10     0.2000     0.6000     -0.1089    2.0000    2.3664    
SITE844      6      0.1667     0.5000     0.1034     2.1667    2.5495    
SITE852      23     0.0435     0.6522     -0.0813    2.2174    2.5623    
SITE871      4      0.7500     0.7500     -0.3333    0.7500    1.5000    
--------------------------------------------------------------------------------------------------------------
OVERALL      3456   0.3244     0.6863     0.0580     1.8495    2.6599    
--------------------------------------------------------------------------------------------------------------
