--------------------------------------------------------------------------------------------------------------
Site         N      Accuracy   +-2 Acc    R2         MAE(mi)    RMSE(mi)  
--------------------------------------------------------------------------------------------------------------
SITE4        7      0.2857     0.5714     -0.7062    1.8571    2.3604    
SITE5        11     0.0909     0.3636     -1.7910    3.2727    3.9312    
SITE6        13     0.4615     0.8462     0.6242     1.1538    2.0939    
SITE7        31     0.3226     0.6774     -0.3816    1.9355    2.8960    
SITE8        14     0.1429     0.7857     -0.1960    1.7143    2.2039    
SITE10       16     0.1875     0.5625     -0.4281    2.4375    3.1325    
SITE11       6      0.3333     0.5000     -0.6615    2.6667    3.4641    
SITE12       16     0.4375     0.7500     0.2925     1.3750    2.0917    
SITE13       29     0.2069     0.7586     -0.1764    1.7586    2.1576    
SITE14       10     0.1000     0.7000     -0.1901    2.2000    2.8636    
SITE15       19     0.1579     0.5789     -0.3727    2.3684    3.0522    
SITE17       21     0.2381     0.6667     -0.2464    2.1429    3.0158    
SITE18       20     0.4000     0.9000     0.4638     1.2000    1.8708    
SITE19       44     0.4091     0.8864     0.2429     1.0682    1.8402    
SITE20       10     0.3000     0.8000     -0.3402    2.0000    3.2249    
SITE21       14     0.4286     0.8571     0.7377     1.0000    1.4639    
SITE22       60     0.4667     0.9000     0.2594     0.9000    1.4024    
SITE24       11     0.3636     0.5455     -0.0312    1.9091    2.5045    
SITE25       24     0.1250     0.6250     -0.2921    2.1250    2.5413    
SITE26       16     0.4375     0.8125     0.5052     1.3125    2.0767    
SITE29       17     0.1176     0.6471     0.1119     2.1176    2.5668    
SITE30       13     0.3846     0.6923     0.4787     1.5385    2.1839    
SITE33       22     0.3636     0.8182     0.3748     1.3182    2.0113    
SITE35       7      0.5714     0.8571     0.8329     1.0000    1.5584    
SITE36       10     0.4000     0.8000     0.2605     1.8000    3.0332    
SITE40       24     0.2083     0.6667     -0.8208    2.1667    2.7538    
SITE41       31     0.5161     0.8387     0.4218     1.0645    1.7321    
SITE42       12     0.6667     0.7500     0.4696     1.2500    2.2546    
SITE43       19     0.3684     0.6316     -0.2507    1.8421    2.7242    
SITE45       23     0.3478     0.7391     0.0653     1.8696    2.7584    
SITE48       16     0.5000     0.6875     0.2057     1.5000    2.2913    
SITE49       10     0.3000     0.8000     0.1892     1.4000    1.8974    
SITE50       8      0.7500     1.0000     0.9743     0.2500    0.5000    
SITE53       15     0.3333     0.6667     0.2369     1.6000    2.1602    
SITE58       21     0.1905     0.5238     -0.1587    2.2857    2.7775    
SITE59       12     0.2500     0.5833     -0.3691    2.2500    3.1491    
SITE65       13     0.1538     0.6154     -0.2646    2.5385    3.3166    
SITE66       11     0.0909     0.5455     -2.2360    3.5455    4.7958    
SITE73       18     0.2778     0.8333     0.4064     1.6111    2.4608    
SITE75       13     0.4615     0.4615     0.0800     1.7692    2.4337    
SITE76       7      0.2857     0.2857     -1.5879    4.7143    5.6946    
SITE78       11     0.5455     0.9091     0.7656     0.9091    1.5374    
SITE80       6      0.5000     0.8333     0.7205     1.1667    1.6833    
SITE81       10     0.5000     0.8000     0.4218     1.4000    2.0976    
SITE84       16     0.3750     0.7500     0.0678     1.3125    1.8540    
SITE86       10     0.3000     0.6000     -0.6228    2.3000    3.3317    
SITE94       21     0.3810     0.6190     -0.0226    1.8095    2.5635    
SITE95       6      0.5000     0.8333     0.8530     0.8333    1.3540    
SITE96       6      0.5000     0.6667     0.5556     1.3333    1.9149    
SITE97       7      1.0000     1.0000     1.0000     0.0000    0.0000    
SITE98       20     0.2500     0.6000     -0.3425    2.2500    3.0414    
SITE104      12     0.5000     0.7500     -0.0205    1.3333    2.1213    
SITE106      14     0.3571     0.7857     0.3073     1.5714    2.3299    
SITE111      15     0.4667     0.6667     0.0704     1.7333    2.8048    
SITE115      17     0.4118     0.7647     0.4231     1.2941    1.9403    
SITE116      14     0.4286     0.7857     0.4487     1.2857    2.0354    
SITE117      24     0.3333     0.7500     -0.2005    1.5833    2.2913    
SITE119      12     0.2500     0.6667     -0.4433    2.5000    3.4157    
SITE125      8      0.1250     0.6250     -0.5322    2.7500    3.6056    
SITE127      16     0.2500     0.6875     0.2250     1.5000    1.9685    
SITE128      18     0.2778     0.7222     0.4874     1.4444    1.8559    
SITE129      15     0.4000     0.8000     0.4050     1.5333    2.1756    
SITE132      8      0.2500     0.7500     -0.2081    2.2500    3.2016    
SITE134      9      0.4444     0.5556     -1.2271    2.6667    4.0277    
SITE156      17     0.5294     0.9412     0.7495     0.7647    1.3061    
SITE160      10     0.3000     0.8000     0.4340     1.5000    1.9748    
SITE161      14     0.4286     0.6429     0.2563     1.5714    2.2039    
SITE165      7      0.2857     0.5714     -0.4946    2.4286    3.3594    
SITE167      11     0.3636     0.7273     -0.4520    1.9091    3.0000    
SITE168      10     0.5000     0.8000     0.3652     1.5000    2.4698    
SITE169      14     0.5000     0.6429     0.0547     1.5714    2.4495    
SITE171      14     0.3571     0.6429     0.0048     1.7857    2.5213    
SITE178      12     0.1667     0.6667     -0.0691    1.9167    2.3629    
SITE179      27     0.2593     0.6296     -0.7899    2.3333    3.1798    
SITE186      19     0.3684     0.5789     -0.0722    2.1579    3.0694    
SITE193      15     0.4000     0.7333     -0.3592    2.2000    3.6240    
SITE194      18     0.2222     0.7222     -0.3866    1.8889    2.4267    
SITE198      14     0.5714     0.7143     -0.5061    1.5000    2.7386    
SITE203      33     0.4545     0.8788     0.5082     1.0909    1.8749    
SITE205      24     0.1667     0.6667     -0.6070    2.3333    3.1885    
SITE207      12     0.4167     0.8333     0.0054     1.1667    1.9579    
SITE208      13     0.3846     0.7692     0.2299     1.6923    2.5420    
SITE209      8      0.3750     0.7500     -0.2477    1.6250    2.5249    
SITE212      9      0.3333     0.4444     -1.5124    3.1111    4.1899    
SITE215      33     0.4848     0.7879     0.2442     1.4242    2.3932    
SITE217      16     0.2500     0.5000     -0.6574    2.5625    3.3448    
SITE219      15     0.3333     0.4000     -0.6497    2.6667    3.5963    
SITE229      14     0.1429     0.5714     -0.5245    2.5000    3.4744    
SITE230      11     0.4545     0.6364     0.1807     1.8182    2.9233    
SITE231      7      0.2857     0.5714     -0.3874    2.5714    3.5456    
SITE234      11     0.3636     0.6364     -0.4335    1.5455    2.1106    
SITE239      15     0.4667     0.6667     -0.4500    2.1333    3.4059    
SITE240      14     0.2857     0.5714     -0.0890    2.1429    2.9032    
SITE241      25     0.4400     0.8400     0.5536     1.1200    1.8547    
SITE244      12     0.2500     0.7500     0.2375     1.6667    2.5820    
SITE245      15     0.4000     0.7333     0.0432     1.8667    2.8752    
SITE251      11     0.6364     0.8182     0.7460     0.7273    1.3484    
SITE253      30     0.2667     0.7000     0.0775     1.7000    2.3875    
SITE256      5      0.4000     0.8000     -0.4224    1.8000    2.5690    
SITE258      12     0.2500     0.7500     -0.1111    1.8333    2.5820    
SITE259      9      0.3333     0.6667     -0.0011    2.3333    3.3500    
SITE261      15     0.4000     0.6000     0.2285     1.8000    2.5430    
SITE262      20     0.2500     0.7500     -0.4390    1.9000    2.8107    
SITE268      13     0.2308     0.6923     0.0861     2.0000    2.7456    
SITE272      13     0.3846     0.7692     0.0521     1.7692    2.8420    
SITE276      12     0.5000     0.6667     -1.0505    1.6667    2.7080    
SITE301      5      1.0000     1.0000     1.0000     0.0000    0.0000    
SITE304      5      0.8000     1.0000     0.9805     0.2000    0.4472    
SITE309      13     0.5385     0.6923     0.4541     1.3846    2.2188    
SITE310      7      0.4286     0.8571     0.6070     1.2857    1.7321    
SITE322      9      0.5556     0.7778     0.2541     1.1111    1.8257    
SITE323      9      0.6667     0.7778     0.5375     0.8889    1.6997    
SITE324      17     0.3529     0.6471     -0.4589    2.4118    3.5892    
SITE325      8      0.6250     1.0000     0.9022     0.6250    1.0607    
SITE327      16     0.5625     0.8125     0.0841     1.5000    2.8504    
SITE330      14     0.7143     0.9286     0.8290     0.5000    1.0351    
SITE331      7      0.5714     0.7143     0.5081     1.1429    1.9272    
SITE332      9      0.4444     0.6667     -0.5824    1.3333    1.8856    
SITE333      5      0.6000     0.6000     -1.6667    1.6000    2.5298    
SITE334      12     0.5000     0.8333     0.4894     1.1667    1.8708    
SITE336      5      0.4000     0.8000     -2.4375    2.0000    2.9665    
SITE338      5      0.4000     0.6000     -1.7500    1.6000    2.0976    
SITE339      8      0.2500     0.6250     -0.4039    2.1250    2.8062    
SITE340      12     0.3333     0.5000     -0.1898    2.0000    2.6141    
SITE343      12     0.3333     0.5000     -0.4149    2.1667    2.9721    
SITE345      7      0.5714     0.7143     0.0993     1.2857    2.2361    
SITE353      8      0.7500     0.8750     0.7802     0.5000    1.1180    
SITE355      9      0.6667     0.7778     0.2882     1.2222    2.5604    
SITE358      14     0.4286     0.7857     0.5052     1.2143    1.7113    
SITE360      8      0.5000     0.8750     0.5463     0.8750    1.5411    
SITE361      7      0.5714     0.8571     0.6475     0.8571    1.4142    
SITE362      11     0.6364     0.9091     0.7319     0.8182    1.6787    
SITE363      11     0.4545     0.6364     -0.5812    1.8182    2.8920    
SITE366      12     0.4167     0.6667     -0.3484    2.0833    3.1491    
SITE367      8      0.7500     0.7500     0.5893     0.8750    1.7678    
SITE375      6      0.8333     1.0000     0.9795     0.1667    0.4082    
SITE376      9      0.5556     0.6667     0.1667     1.4444    2.2361    
SITE377      12     0.4167     0.6667     0.0707     1.5833    2.3979    
SITE380      8      0.5000     1.0000     0.8410     0.7500    1.1180    
SITE383      4      0.2500     0.5000     -0.0556    1.7500    2.1794    
SITE385      9      0.2222     0.3333     -0.1607    2.3333    2.6874    
SITE386      11     0.6364     0.9091     0.7863     0.6364    1.1677    
SITE388      7      0.4286     1.0000     0.8641     0.5714    0.7559    
SITE389      11     0.4545     0.6364     0.1558     1.6364    2.4863    
SITE397      14     0.5714     0.8571     0.4841     1.0714    1.9086    
SITE401      7      0.5714     0.7143     -0.3295    1.5714    2.6458    
SITE404      6      0.6667     0.6667     0.1500     1.3333    2.3805    
SITE406      6      0.3333     0.6667     0.0881     2.0000    2.8868    
SITE407      7      0.7143     0.8571     -0.2333    1.0000    2.2991    
SITE411      29     0.2759     0.6207     -0.4208    1.8966    2.5257    
SITE417      24     0.2083     0.7500     -0.0717    1.9583    2.5577    
SITE420      15     0.2000     0.6667     -0.4720    2.0667    2.6458    
SITE421      11     0.4545     0.8182     0.2635     1.4545    2.3741    
SITE422      13     0.1538     0.6154     0.1044     2.0000    2.2532    
SITE424      6      0.6667     0.6667     -0.4032    1.6667    3.1091    
SITE426      15     0.4667     0.7333     0.3026     1.4000    2.1448    
SITE430      9      0.4444     0.6667     -0.0293    2.3333    3.6667    
SITE434      12     0.4167     0.6667     0.1585     1.5833    2.3979    
SITE435      9      0.4444     0.6667     0.3237     1.5556    2.4037    
SITE437      18     0.2778     0.5000     -0.8920    2.6667    3.4960    
SITE438      15     0.2000     0.8000     -0.3816    1.8667    2.5560    
SITE439      13     0.4615     0.7692     0.5000     1.3077    2.0191    
SITE442      19     0.3684     0.8421     0.3853     1.4737    2.1764    
SITE443      6      0.5000     0.5000     -0.7554    3.0000    4.5092    
SITE446      18     0.1667     0.5556     -1.2804    3.4444    4.5092    
SITE447      5      0.4000     0.6000     0.3925     1.6000    2.2804    
SITE454      7      0.5714     0.5714     -1.0476    2.2857    3.5051    
SITE455      9      0.3333     0.5556     -0.0884    2.4444    3.3993    
SITE460      4      0.2500     0.5000     -1.2105    3.5000    4.5826    
SITE461      5      0.0000     0.4000     -0.2277    3.0000    3.3166    
SITE463      6      0.3333     0.8333     -0.1402    2.1667    3.1885    
SITE464      8      0.6250     0.7500     0.2058     1.6250    2.9368    
SITE468      6      0.5000     0.6667     -1.3839    2.5000    3.8514    
SITE469      4      0.5000     0.7500     -13.5455   2.0000    3.1623    
SITE471      17     0.5294     0.6471     -0.0411    1.8824    3.1060    
SITE474      6      0.8333     0.8333     0.5733     0.6667    1.6330    
SITE477      14     0.4286     0.5714     -0.4000    2.2857    3.3381    
SITE483      9      0.3333     0.8889     0.7297     1.1111    1.4907    
SITE485      10     0.7000     0.8000     0.7358     0.8000    1.6125    
SITE486      6      0.6667     0.8333     0.3818     0.8333    1.6833    
SITE490      13     0.3846     0.6154     -0.1139    1.7692    2.5570    
SITE492      6      0.5000     0.6667     -0.4831    1.3333    1.9149    
SITE506      10     0.7000     0.8000     0.1341     1.1000    2.2583    
SITE508      27     0.4074     0.7778     0.5324     1.3333    1.9814    
SITE510      6      0.3333     0.3333     0.0730     2.0000    2.4495    
SITE520      16     0.4375     0.8125     0.5718     1.0625    1.7500    
SITE521      17     0.3529     0.8235     0.5625     1.4118    2.2229    
SITE522      18     0.5000     0.7778     0.1501     1.6111    2.6771    
SITE528      11     0.5455     0.6364     -0.2319    1.5455    2.5406    
SITE538      7      0.7143     0.8571     0.0495     1.5714    3.4847    
SITE539      7      0.7143     0.7143     -0.0264    1.5714    2.9520    
SITE540      6      0.5000     0.6667     0.0899     2.0000    3.0000    
SITE541      9      0.7778     0.7778     0.8424     0.6667    1.4142    
SITE542      8      0.8750     1.0000     0.9556     0.2500    0.7071    
SITE545      9      0.6667     1.0000     0.9231     0.4444    0.8165    
SITE547      7      1.0000     1.0000     1.0000     0.0000    0.0000    
SITE556      6      0.5000     0.8333     0.3952     1.3333    2.5166    
SITE557      19     0.3684     0.5789     -0.5004    2.3158    3.4028    
SITE561      15     0.2000     0.6667     0.1477     2.0667    2.7689    
SITE563      10     0.5000     0.6000     -0.0850    1.9000    2.8810    
SITE564      9      0.5556     0.7778     0.5745     1.3333    2.1082    
SITE568      7      0.7143     0.8571     0.7892     0.5714    1.1952    
SITE569      11     0.8182     1.0000     0.9221     0.2727    0.6742    
SITE572      8      0.3750     0.8750     0.7357     1.1250    1.5411    
SITE574      9      0.5556     0.8889     0.5091     1.1111    2.1602    
SITE575      15     0.3333     0.7333     -0.8428    2.4000    3.5214    
SITE577      9      0.5556     0.6667     -0.3261    2.2222    3.6818    
SITE578      7      0.7143     0.8571     -0.9621    1.0000    2.2991    
SITE580      6      0.5000     0.5000     -1.5000    3.1667    4.5644    
SITE581      10     0.9000     0.9000     0.5544     0.5000    1.5811    
SITE584      8      0.7500     1.0000     0.9687     0.2500    0.5000    
SITE587      8      0.6250     0.8750     0.3204     1.3750    2.6693    
SITE593      11     0.3636     0.5455     -1.0082    2.5455    3.4902    
SITE595      18     0.3333     0.6111     0.2375     1.7778    2.3805    
SITE597      8      0.7500     1.0000     0.9636     0.2500    0.5000    
SITE598      7      0.7143     0.8571     0.6759     0.5714    1.1952    
SITE601      8      0.7500     0.8750     0.9034     0.5000    1.1180    
SITE602      12     0.2500     0.7500     -0.5152    2.5000    3.6742    
SITE606      15     0.4000     0.8000     0.2448     1.6667    2.7928    
SITE607      12     0.3333     0.6667     0.3022     1.8333    2.5166    
SITE610      10     0.6000     0.8000     0.5765     1.1000    1.9748    
SITE612      14     0.3571     0.5000     -0.3514    2.2143    3.1510    
SITE616      13     0.3846     0.6923     0.3378     1.6923    2.4179    
SITE617      10     0.5000     0.9000     0.6915     1.1000    1.7029    
SITE620      17     0.3529     0.7059     0.0187     1.9412    2.9205    
SITE622      13     0.5385     0.6154     -0.2736    1.8462    2.9872    
SITE623      8      0.7500     1.0000     0.8333     0.2500    0.5000    
SITE624      9      0.2222     0.4444     -2.3094    3.3333    4.2687    
SITE626      10     0.8000     0.9000     0.8561     0.5000    1.3038    
SITE629      13     0.4615     0.6154     0.2091     1.7692    2.5869    
SITE639      11     0.2727     0.7273     0.2027     1.7273    2.5045    
SITE648      7      0.5714     0.8571     0.8388     0.8571    1.4142    
SITE658      16     0.3125     0.6875     0.4444     1.6250    2.0917    
SITE683      7      0.4286     0.8571     -0.3364    1.2857    1.7321    
SITE684      14     0.3571     0.8571     0.2646     1.6429    2.4349    
SITE692      15     0.4000     0.7333     -0.6159    2.0667    3.2558    
SITE719      16     0.5000     0.7500     0.2558     1.5000    2.3717    
SITE721      12     0.3333     0.7500     0.0526     2.0000    2.9155    
SITE722      14     0.3571     0.6429     -0.7780    2.0714    3.0119    
SITE725      9      0.2222     0.4444     -1.1622    3.3333    4.2164    
SITE734      13     0.4615     0.7692     -0.0422    1.6154    2.6747    
SITE735      17     0.2353     0.5882     -0.0268    2.1176    2.9104    
SITE739      10     0.6000     0.9000     0.7212     0.8000    1.4832    
SITE747      30     0.3333     0.7333     0.1264     1.6667    2.3664    
SITE760      33     0.8788     0.9091     -0.0358    0.4545    1.4668    
SITE786      10     0.1000     0.7000     -0.6559    3.1000    4.2308    
SITE801      8      0.5000     0.8750     0.8222     0.7500    1.2247    
SITE802      9      0.5556     1.0000     0.8615     0.6667    1.0541    
SITE807      7      0.1429     0.4286     -1.0865    2.5714    2.9761    
SITE808      7      0.5714     0.7143     0.1828     1.5714    2.7516    
SITE821      10     0.5000     0.9000     0.8278     0.8000    1.2649    
SITE831      11     0.0909     0.4545     -0.8988    3.0909    3.9772    
SITE844      7      0.5714     0.8571     0.7594     0.7143    1.2536    
SITE852      14     0.1429     0.6429     -0.1012    2.2143    2.6859    
SITE871      7      0.4286     0.7143     0.5609     1.4286    2.2039    
--------------------------------------------------------------------------------------------------------------
OVERALL      3232   0.4072     0.7256     0.1932     1.6528    2.5660    
--------------------------------------------------------------------------------------------------------------
