--------------------------------------------------------------------------------------------------------------
Site         N      Accuracy   +-2 Acc    R2         MAE(mi)    RMSE(mi)  
--------------------------------------------------------------------------------------------------------------
SITE4        7      0.2857     0.5714     -1.4062    2.1429    2.8031    
SITE5        11     0.2727     0.5455     -0.8716    2.3636    3.2193    
SITE6        13     0.2308     0.5385     -0.8524    3.4615    4.6492    
SITE7        31     0.3548     0.7419     0.0117     1.6129    2.4495    
SITE8        14     0.2143     0.6429     -0.7236    2.0000    2.6458    
SITE10       16     0.1875     0.3750     -1.8471    3.5625    4.4230    
SITE11       6      0.3333     0.6667     -0.3846    2.3333    3.1623    
SITE12       16     0.3750     0.6875     -0.2735    1.8750    2.8062    
SITE13       29     0.3103     0.8276     0.0153     1.4828    1.9740    
SITE14       10     0.2000     0.6000     -0.6401    2.5000    3.3615    
SITE15       19     0.1579     0.4737     -1.3731    3.2632    4.0131    
SITE17       21     0.2857     0.6667     0.0603     1.9048    2.6186    
SITE18       20     0.5500     0.8500     0.6247     0.9500    1.5652    
SITE19       44     0.3182     0.8409     0.2225     1.2955    1.8647    
SITE20       10     0.4000     0.7000     -0.9072    2.4000    3.8471    
SITE21       14     0.2143     0.6429     -0.6002    2.5000    3.6154    
SITE22       60     0.3833     0.9000     0.1841     1.0000    1.4720    
SITE24       11     0.1818     0.6364     -0.1957    2.1818    2.6968    
SITE25       24     0.2083     0.7083     -0.0587    1.7917    2.3004    
SITE26       16     0.2500     0.6250     -0.5921    2.6250    3.7249    
SITE29       17     0.2353     0.5882     -0.5779    2.6471    3.4214    
SITE30       13     0.0000     0.5385     -0.2361    2.8462    3.3627    
SITE33       22     0.4091     0.6818     0.1430     1.5455    2.3549    
SITE35       7      0.4286     0.5714     -0.8778    3.5714    5.2236    
SITE36       10     0.4000     0.6000     -0.6559    3.0000    4.5387    
SITE40       24     0.2917     0.6667     -0.3306    1.7917    2.3541    
SITE41       31     0.1935     0.6452     -0.0072    1.8710    2.2860    
SITE42       12     0.4167     0.5000     -0.6522    2.8333    3.9791    
SITE43       19     0.3158     0.4737     -1.0845    2.6842    3.5169    
SITE45       23     0.3478     0.6957     0.2522     1.7391    2.4672    
SITE48       16     0.3750     0.6875     -0.1915    1.8750    2.8062    
SITE49       10     0.2000     0.7000     -0.0811    1.8000    2.1909    
SITE50       8      0.6250     0.7500     0.4222     1.3750    2.3717    
SITE53       15     0.2000     0.6667     -0.0356    1.9333    2.5166    
SITE58       21     0.2857     0.4286     -1.1815    2.9048    3.8110    
SITE59       12     0.2500     0.5833     -0.1850    2.0833    2.9297    
SITE65       13     0.2308     0.4615     -0.7864    3.0769    3.9419    
SITE66       11     0.0909     0.0909     -5.5360    6.2727    6.8158    
SITE73       18     0.2222     0.7222     0.1177     2.1111    3.0000    
SITE75       13     0.2308     0.6154     -0.1112    2.0769    2.6747    
SITE76       7      0.2857     0.4286     -1.6678    4.5714    5.7817    
SITE78       11     0.3636     0.5455     -1.0197    3.0909    4.5126    
SITE80       6      0.5000     0.5000     -0.7918    2.8333    4.2622    
SITE81       10     0.7000     0.8000     0.5269     1.0000    1.8974    
SITE84       16     0.2500     0.5625     -1.3729    2.2500    2.9580    
SITE86       10     0.2000     0.7000     -0.0526    2.0000    2.6833    
SITE94       21     0.3810     0.5714     -0.8821    2.3810    3.4778    
SITE95       6      0.3333     0.3333     -0.0557    2.8333    3.6286    
SITE96       6      0.8333     1.0000     0.9192     0.3333    0.8165    
SITE97       7      0.4286     0.5714     -0.9471    4.1429    5.9402    
SITE98       20     0.1500     0.4500     -1.2206    3.1000    3.9115    
SITE104      12     0.2500     0.6667     -0.4551    1.9167    2.5331    
SITE106      14     0.1429     0.3571     -1.2240    3.4286    4.1748    
SITE111      15     0.2000     0.4667     -0.1029    2.4000    3.0551    
SITE115      17     0.1765     0.4706     -1.4337    3.0588    3.9853    
SITE116      14     0.1429     0.6429     0.1921     1.9286    2.4640    
SITE117      24     0.2083     0.6667     -0.8769    2.1250    2.8650    
SITE119      12     0.3333     0.6667     0.2268     1.9167    2.5000    
SITE125      8      0.2500     0.6250     -0.3112    2.3750    3.3354    
SITE127      16     0.1875     0.6875     -0.2000    1.8750    2.4495    
SITE128      18     0.1111     0.3889     -0.8521    2.8889    3.5277    
SITE129      15     0.2667     0.5333     -0.4581    2.5333    3.4059    
SITE132      8      0.6250     0.8750     0.4401     1.0000    2.1794    
SITE134      9      0.3333     0.5556     -0.8763    2.5556    3.6968    
SITE156      17     0.1765     0.5294     -0.6585    2.5882    3.3607    
SITE160      10     0.3000     0.6000     -0.5239    2.3000    3.2404    
SITE161      14     0.2857     0.5714     -0.3891    2.2143    3.0119    
SITE165      7      0.2857     0.5714     -0.0973    2.2857    2.8785    
SITE167      11     0.3636     0.7273     -0.7453    2.0909    3.2891    
SITE168      10     0.3000     0.9000     0.5838     1.4000    2.0000    
SITE169      14     0.5000     0.7143     -0.3842    1.9286    2.9641    
SITE171      14     0.2857     0.5714     -1.0351    2.5714    3.6056    
SITE178      12     0.3333     0.6667     -0.1649    1.7500    2.4664    
SITE179      27     0.1852     0.6296     -0.6326    2.3333    3.0368    
SITE186      19     0.3684     0.6316     0.1974     1.8947    2.6557    
SITE193      15     0.3333     0.6000     -1.1113    3.0667    4.5166    
SITE194      18     0.2222     0.5556     -1.5378    2.5556    3.2830    
SITE198      14     0.5000     0.8571     0.0102     1.2143    2.2200    
SITE203      33     0.3939     0.7576     0.3217     1.4545    2.2019    
SITE205      24     0.1250     0.6250     -0.3172    2.3333    2.8868    
SITE207      12     0.2500     0.8333     -0.0162    1.4167    1.9791    
SITE208      13     0.3846     0.6923     0.3399     1.6923    2.3534    
SITE209      8      0.2500     0.7500     -0.2477    1.8750    2.5249    
SITE212      9      0.2222     0.2222     -2.4187    4.1111    4.8876    
SITE215      33     0.3636     0.5758     -0.8755    2.6364    3.7699    
SITE217      16     0.3750     0.6875     -0.0463    1.8125    2.6575    
SITE219      15     0.3333     0.5333     -0.7517    2.6667    3.7059    
SITE229      14     0.2857     0.5000     -0.6237    2.5714    3.5857    
SITE230      11     0.5455     0.9091     0.5380     1.0000    2.1950    
SITE231      7      0.1429     0.7143     -0.1824    2.4286    3.2733    
SITE234      11     0.2727     0.8182     -0.1702    1.4545    1.9069    
SITE239      15     0.3333     0.5333     -0.3583    2.4667    3.2965    
SITE240      14     0.3571     0.6429     0.0587     1.8571    2.6992    
SITE241      25     0.3200     0.6800     -0.0174    1.9200    2.8000    
SITE244      12     0.1667     0.4167     -1.3352    3.5833    4.5185    
SITE245      15     0.4667     0.6667     -0.2886    2.0667    3.3367    
SITE251      11     0.3636     0.6364     -0.6259    2.1818    3.4112    
SITE253      30     0.2000     0.5667     -0.9583    2.6333    3.4785    
SITE256      5      0.2000     0.6000     -1.4569    2.6000    3.3764    
SITE258      12     0.4167     0.6667     -0.0556    1.6667    2.5166    
SITE259      9      0.3333     0.3333     -1.3491    3.8889    5.1316    
SITE261      15     0.4000     0.6000     -0.2407    2.1333    3.2249    
SITE262      20     0.3000     0.7500     -0.5483    1.9000    2.9155    
SITE268      13     0.2308     0.5385     -0.5947    2.6923    3.6268    
SITE272      13     0.3077     0.4615     -0.3903    2.6154    3.4418    
SITE276      12     0.3333     0.7500     -0.3515    1.5000    2.1985    
SITE301      5      1.0000     1.0000     1.0000     0.0000    0.0000    
SITE304      5      0.6000     0.6000     -0.6602    2.6000    4.1231    
SITE309      13     0.4615     0.5385     -0.2369    2.2308    3.3397    
SITE310      7      0.2857     0.4286     -1.4144    3.2857    4.2929    
SITE322      9      0.5556     0.7778     0.2541     1.1111    1.8257    
SITE323      9      0.4444     0.5556     -0.9565    2.4444    3.4960    
SITE324      17     0.1176     0.3529     -1.0451    3.5882    4.2496    
SITE325      8      0.3750     0.7500     -0.1630    2.3750    3.6572    
SITE327      16     0.2500     0.5000     -0.7966    3.0625    3.9922    
SITE330      14     0.4286     0.7143     -0.1629    1.7143    2.6992    
SITE331      7      0.4286     0.5714     -0.8541    2.5714    3.7417    
SITE332      9      0.4444     0.7778     -0.5330    1.2222    1.8559    
SITE333      5      0.6000     0.8000     -0.4167    1.0000    1.8439    
SITE334      12     0.3333     0.3333     -1.5410    3.2500    4.1733    
SITE336      5      0.6000     0.8000     -0.5625    1.2000    2.0000    
SITE338      5      0.6000     0.8000     -0.6250    1.0000    1.6125    
SITE339      8      0.3750     0.6250     -1.3621    2.5000    3.6401    
SITE340      12     0.3333     0.5000     -1.1620    2.5833    3.5237    
SITE343      12     0.5833     0.7500     0.5195     1.0000    1.7321    
SITE345      7      0.4286     0.5714     -0.8272    2.1429    3.1848    
SITE353      8      0.8750     0.8750     0.4505     0.6250    1.7678    
SITE355      9      0.5556     0.6667     -0.4839    2.1111    3.6968    
SITE358      14     0.3571     0.5714     -0.8828    2.2857    3.3381    
SITE360      8      0.6250     0.7500     0.1642     1.1250    2.0917    
SITE361      7      0.4286     0.4286     -1.1655    2.5714    3.5051    
SITE362      11     0.3636     0.5455     -0.9631    3.1818    4.5427    
SITE363      11     0.5455     0.6364     -0.5641    1.7273    2.8762    
SITE366      12     0.3333     0.4167     -1.4363    3.2500    4.2328    
SITE367      8      0.7500     0.7500     0.5893     0.8750    1.7678    
SITE375      6      0.6667     0.6667     0.0785     1.5000    2.7386    
SITE376      9      0.3333     0.4444     -1.1852    2.6667    3.6209    
SITE377      12     0.4167     0.5833     -0.8182    2.2500    3.3541    
SITE380      8      0.3750     0.6250     0.1571     1.8750    2.5739    
SITE383      4      0.5000     0.5000     -0.8889    2.0000    2.9155    
SITE385      9      0.3333     0.6667     0.4107     1.4444    1.9149    
SITE386      11     0.4545     0.6364     -0.8096    2.2727    3.3979    
SITE388      7      0.2857     0.5714     -1.2427    2.2857    3.0706    
SITE389      11     0.5455     0.8182     0.5034     1.0909    1.9069    
SITE397      14     0.2143     0.6429     0.3223     1.7857    2.1876    
SITE401      7      0.5714     0.5714     -0.6550    1.8571    2.9520    
SITE404      6      0.5000     0.5000     -0.4750    2.1667    3.1358    
SITE406      6      0.3333     0.6667     -0.1489    2.1667    3.2404    
SITE407      7      0.7143     0.8571     -0.2333    1.0000    2.2991    
SITE411      29     0.2069     0.6207     -0.4823    1.9655    2.5798    
SITE417      24     0.2500     0.6250     -0.0102    1.9167    2.4833    
SITE420      15     0.2000     0.6667     -0.0935    1.8667    2.2804    
SITE421      11     0.3636     0.5455     -0.9719    2.7273    3.8847    
SITE422      13     0.1538     0.6154     -0.0042    2.0000    2.3859    
SITE424      6      0.6667     0.6667     -0.4032    1.6667    3.1091    
SITE426      15     0.5333     0.8000     0.3935     1.2000    2.0000    
SITE430      9      0.5556     0.5556     -0.4376    2.7778    4.3333    
SITE434      12     0.2500     0.5000     -0.1463    2.1667    2.7988    
SITE435      9      0.3333     0.4444     -1.1329    3.1111    4.2687    
SITE437      18     0.2222     0.3889     -1.1844    3.0000    3.7565    
SITE438      15     0.2000     0.6667     -0.7058    2.0667    2.8402    
SITE439      13     0.2308     0.2308     -1.9623    4.0000    4.9147    
SITE442      19     0.2632     0.5789     -0.7279    2.6842    3.6491    
SITE443      6      0.3333     0.5000     -1.0576    3.5000    4.8819    
SITE446      18     0.3333     0.6667     -0.4081    2.4444    3.5434    
SITE447      5      0.4000     0.4000     0.0421     2.2000    2.8636    
SITE454      7      0.5714     0.5714     -0.6667    2.0000    3.1623    
SITE455      9      0.2222     0.4444     -2.1919    4.5556    5.8214    
SITE460      4      0.2500     0.7500     -0.4211    2.5000    3.6742    
SITE461      5      0.2000     0.4000     -0.0045    2.6000    3.0000    
SITE463      6      0.5000     0.6667     -0.4579    2.3333    3.6056    
SITE464      8      0.5000     0.7500     -0.3928    2.3750    3.8891    
SITE468      6      0.3333     0.5000     -1.4107    3.0000    3.8730    
SITE469      4      0.7500     0.7500     -8.0909    1.2500    2.5000    
SITE471      17     0.3529     0.4118     -1.1710    3.2941    4.4853    
SITE474      6      0.3333     0.5000     -1.0000    2.5000    3.5355    
SITE477      14     0.4286     0.5714     -0.8308    2.5714    3.8173    
SITE483      9      0.2222     0.2222     -2.3514    4.4444    5.2493    
SITE485      10     0.2000     0.6000     -0.0163    2.4000    3.1623    
SITE486      6      0.6667     0.6667     0.0909     1.1667    2.0412    
SITE490      13     0.3077     0.4615     -1.3065    2.7692    3.6795    
SITE492      6      0.3333     0.5000     -1.3596    1.8333    2.4152    
SITE506      10     0.6000     0.6000     -0.6638    1.8000    3.1305    
SITE508      27     0.3333     0.7037     -0.2000    2.1481    3.1740    
SITE510      6      0.5000     0.5000     -0.7253    2.1667    3.3417    
SITE520      16     0.3750     0.6875     -0.0486    1.8750    2.7386    
SITE521      17     0.2941     0.5882     -0.2083    2.7059    3.6942    
SITE522      18     0.3889     0.4444     -1.1479    3.1111    4.2557    
SITE528      11     0.4545     0.5455     -0.9085    2.1818    3.1623    
SITE538      7      0.5714     0.5714     -0.2300    2.5714    3.9641    
SITE539      7      0.4286     0.4286     -1.2716    3.2857    4.3916    
SITE540      6      0.0000     0.1667     -0.7191    4.0000    4.1231    
SITE541      9      0.5556     0.6667     0.1770     2.0000    3.2318    
SITE542      8      0.5000     0.8750     0.8000     1.0000    1.5000    
SITE545      9      0.2222     0.7778     -0.5769    2.5556    3.6968    
SITE547      7      0.4286     0.4286     -1.2604    4.7143    6.3133    
SITE556      6      0.1667     0.3333     -0.8939    3.5000    4.4535    
SITE557      19     0.1579     0.6316     -0.2412    2.4211    3.0950    
SITE561      15     0.3333     0.5333     -0.4452    2.4667    3.6056    
SITE563      10     0.3000     0.7000     -0.2941    2.3000    3.1464    
SITE564      9      0.2222     0.3333     -2.0851    4.6667    5.6765    
SITE568      7      0.2857     0.4286     -0.7711    2.5714    3.4641    
SITE569      11     0.5455     0.8182     0.2210     1.2727    2.1320    
SITE572      8      0.5000     0.6250     -0.2104    2.1250    3.2977    
SITE574      9      0.3333     0.7778     0.5558     1.5556    2.0548    
SITE575      15     0.2667     0.4667     -1.0806    2.8000    3.7417    
SITE577      9      0.4444     0.7778     0.1196     1.8889    3.0000    
SITE578      7      0.7143     0.8571     0.3106     0.7143    1.3628    
SITE580      6      0.3333     0.5000     -0.4800    2.6667    3.5119    
SITE581      10     0.5000     0.6000     -0.1230    1.7000    2.5100    
SITE584      8      0.5000     0.6250     -0.6751    2.1250    3.6572    
SITE587      8      0.5000     0.6250     -0.3115    2.2500    3.7081    
SITE593      11     0.3636     0.7273     -0.3488    2.0000    2.8604    
SITE595      18     0.2778     0.4444     -0.5997    2.6667    3.4480    
SITE597      8      0.2500     0.5000     -0.0023    2.1250    2.6220    
SITE598      7      0.2857     0.5714     -1.0417    2.1429    3.0000    
SITE601      8      0.6250     0.7500     0.4879     1.3750    2.5739    
SITE602      12     0.3333     0.7500     -0.2253    2.0833    3.3040    
SITE606      15     0.2667     0.6000     -0.9105    3.0667    4.4422    
SITE607      12     0.2500     0.5000     -0.9373    3.0833    4.1932    
SITE610      10     0.3000     0.5000     -0.5418    2.8000    3.7683    
SITE612      14     0.2857     0.3571     -1.5375    3.3571    4.3177    
SITE616      13     0.2308     0.9231     0.7038     1.2308    1.6172    
SITE617      10     0.5000     0.7000     0.1277     1.8000    2.8636    
SITE620      17     0.4118     0.5882     -0.4889    2.4706    3.5974    
SITE622      13     0.1538     0.6154     -0.8117    2.6923    3.5626    
SITE623      8      0.2500     1.0000     0.0000     1.0000    1.2247    
SITE624      9      0.2222     0.5556     -1.4013    2.7778    3.6362    
SITE626      10     0.7000     0.8000     0.6444     1.0000    2.0494    
SITE629      13     0.2308     0.6154     -0.1182    2.3846    3.0760    
SITE639      11     0.0909     0.1818     -2.8361    4.9091    5.4938    
SITE648      7      0.2857     0.4286     -1.3832    4.1429    5.4380    
SITE658      16     0.2500     0.6250     0.3730     1.8125    2.2220    
SITE683      7      0.5714     0.8571     0.1091     0.8571    1.4142    
SITE684      14     0.2857     0.5714     -0.6658    2.7143    3.6645    
SITE692      15     0.2000     0.3333     -1.1951    3.2000    3.7947    
SITE719      16     0.2500     0.6875     -0.1163    2.1875    2.9047    
SITE721      12     0.3333     0.5000     -0.1424    2.4167    3.2016    
SITE722      14     0.2857     0.7143     -0.0360    1.7143    2.2991    
SITE725      9      0.2222     0.5556     -0.2973    2.4444    3.2660    
SITE734      13     0.3077     0.6923     -0.3112    2.0769    3.0000    
SITE735      17     0.1765     0.4706     -0.7399    2.9412    3.7885    
SITE739      10     0.2000     0.5000     -0.0013    2.3000    2.8107    
SITE747      30     0.2000     0.6000     -0.4509    2.3000    3.0496    
SITE760      33     0.8788     0.9091     -0.0358    0.4545    1.4668    
SITE786      10     0.3000     0.9000     0.7132     1.1000    1.7607    
SITE801      8      0.3750     0.6250     -0.6000    2.2500    3.6742    
SITE802      9      0.3333     0.7778     -0.3154    2.1111    3.2489    
SITE807      7      0.5714     1.0000     0.7981     0.5714    0.9258    
SITE808      7      0.2857     0.4286     -1.6057    3.8571    4.9135    
SITE821      10     0.4000     0.4000     -0.9591    3.0000    4.2661    
SITE831      11     0.1818     0.2727     -2.0992    4.1818    5.0812    
SITE844      7      0.5714     0.8571     0.7594     0.7143    1.2536    
SITE852      14     0.2143     0.5714     -0.0249    2.0000    2.5912    
SITE871      7      0.4286     0.7143     0.4059     1.7143    2.5635    
--------------------------------------------------------------------------------------------------------------
OVERALL      3232   0.3308     0.6173     -0.2974    2.2515    3.2539    
--------------------------------------------------------------------------------------------------------------
