--------------------------------------------------------------------------------------------------------------
Site         N      Accuracy   +-2 Acc    R2         MAE(mi)    RMSE(mi)  
--------------------------------------------------------------------------------------------------------------
SITE4        12     0.2500     0.8333     0.1250     1.1667    1.5275    
SITE5        16     0.1250     0.3125     -2.7056    3.1250    3.6572    
SITE6        9      0.1111     0.6667     0.4596     2.0000    2.4037    
SITE7        37     0.2973     0.6486     -0.1025    1.9459    2.6913    
SITE8        15     0.0667     0.1333     -5.8548    4.4000    4.7610    
SITE10       18     0.2778     0.5000     -0.6887    2.6111    3.4721    
SITE11       7      0.2857     0.8571     -0.0769    1.7143    2.1381    
SITE12       17     0.1176     0.7059     -0.5586    1.9412    2.3887    
SITE13       36     0.1667     0.7778     -0.1800    1.8056    2.2048    
SITE14       6      0.0000     0.8333     -0.3333    1.6667    2.0000    
SITE15       18     0.1111     0.2778     -1.1084    3.2778    3.7639    
SITE17       27     0.3333     0.6296     0.2617     1.7037    2.2771    
SITE18       24     0.4583     0.7917     0.1969     1.4167    2.1794    
SITE19       47     0.2128     0.6596     0.0219     1.7021    2.2025    
SITE20       12     0.0000     0.2500     -2.7934    4.5000    5.0498    
SITE21       13     0.2308     0.6154     -0.6139    2.6154    3.7417    
SITE22       63     0.4444     0.9206     0.3356     0.9048    1.3511    
SITE24       10     0.4000     0.9000     0.0000     1.2000    1.7321    
SITE25       25     0.2800     0.7200     -0.2745    1.7600    2.2804    
SITE26       16     0.3750     0.8750     0.4928     1.3750    2.0917    
SITE29       18     0.1111     0.4444     -1.8905    3.2222    3.9861    
SITE30       17     0.1765     0.4118     -0.4892    2.5882    3.2358    
SITE33       26     0.0385     0.5385     -0.3506    2.3846    2.7175    
SITE35       8      0.5000     0.8750     -0.4335    1.8750    3.4095    
SITE36       9      0.0000     0.5556     -0.5621    3.6667    4.6308    
SITE40       25     0.2800     0.7600     -0.3889    1.8000    2.3917    
SITE41       35     0.1143     0.6000     -0.9328    2.4286    3.0845    
SITE42       10     0.2000     0.3000     -7.6603    3.7000    4.2544    
SITE43       21     0.0476     0.3333     -2.9191    3.7619    4.3589    
SITE45       30     0.0667     0.3000     -3.4205    4.3000    4.9363    
SITE48       18     0.1111     0.8889     -0.0576    1.8889    2.3805    
SITE49       7      0.0000     0.2857     -3.6089    3.8571    4.3589    
SITE50       13     0.1538     0.1538     -2.8509    5.0000    5.8111    
SITE53       17     0.2353     0.6471     -0.9138    2.1765    3.2449    
SITE58       24     0.1667     0.2917     -2.4578    3.8750    4.5962    
SITE59       15     0.0000     0.2667     -2.1702    4.2000    4.7539    
SITE65       8      0.3750     0.6250     -0.2903    2.2500    3.1623    
SITE66       9      0.0000     0.2222     -3.8462    4.4444    4.9889    
SITE73       18     0.3333     0.7222     0.1915     1.8889    2.9059    
SITE75       15     0.1333     0.7333     0.0463     1.8000    2.3238    
SITE76       9      0.0000     0.0000     -4.1415    7.6667    7.7817    
SITE78       7      0.0000     0.2857     -1.0752    5.0000    5.3586    
SITE80       7      0.4286     0.4286     -0.8996    3.1429    4.5670    
SITE81       12     0.5000     0.7500     -0.1785    1.7500    2.7839    
SITE84       20     0.1500     0.8500     -0.0174    1.5500    1.9105    
SITE86       7      0.0000     0.2857     -2.5000    3.5714    4.2258    
SITE94       25     0.3600     0.5600     -0.9231    2.4000    3.4641    
SITE95       4      0.5000     0.5000     -4.0000    2.2500    3.3541    
SITE96       8      0.6250     1.0000     0.6000     0.7500    1.2247    
SITE97       5      1.0000     1.0000     1.0000     0.0000    0.0000    
SITE98       17     0.2941     0.4706     -1.2364    2.9412    3.9556    
SITE104      13     0.3077     0.7692     0.1440     1.4615    2.1304    
SITE106      17     0.2941     0.7059     -0.1625    1.7059    2.5321    
SITE111      16     0.1250     0.1875     -3.1111    3.7500    4.3012    
SITE115      25     0.0000     0.1200     -4.8866    5.0000    5.4000    
SITE116      13     0.0000     0.3077     -1.4838    3.6154    3.9321    
SITE117      29     0.2069     0.6207     -1.1941    2.3448    3.0850    
SITE119      10     0.1000     0.4000     -2.7705    3.9000    4.5497    
SITE125      3      0.0000     0.6667     -1.7245    4.3333    5.4467    
SITE127      19     0.2632     0.7368     -0.3878    1.5789    2.1026    
SITE128      25     0.1600     0.5600     -0.5278    2.3200    2.9665    
SITE129      23     0.1304     0.4348     -2.0263    3.3478    4.0913    
SITE132      12     0.2500     0.5833     -0.4123    2.5833    3.5473    
SITE134      5      0.4000     0.6000     -1.0213    2.0000    2.7568    
SITE156      22     0.3182     0.6364     -0.0161    1.9091    2.5045    
SITE160      10     0.1000     0.1000     -5.9298    5.2000    5.6214    
SITE161      18     0.1667     0.4444     -0.1735    2.2778    2.5927    
SITE165      12     0.2500     0.5833     -0.9740    2.5000    3.5590    
SITE167      13     0.3077     0.6923     -0.1160    1.6923    2.3859    
SITE168      15     0.2667     0.5333     -1.4627    3.7333    4.8442    
SITE169      15     0.3333     0.6667     -1.0370    2.1333    3.2042    
SITE171      17     0.3529     0.7059     -0.2837    1.8824    2.8697    
SITE178      11     0.0909     0.6364     -0.6923    2.0000    2.5584    
SITE179      32     0.1250     0.3438     -2.2959    3.8125    4.4931    
SITE186      24     0.1250     0.3750     -0.8179    3.2500    3.8514    
SITE193      19     0.3684     0.5263     -1.3119    3.0000    4.3347    
SITE194      27     0.2593     0.7407     -0.1395    1.8148    2.3649    
SITE198      21     0.0000     0.0476     -12.2381   6.9048    7.1813    
SITE203      40     0.3250     0.8000     0.4964     1.4500    1.9621    
SITE205      26     0.0385     0.3462     -1.4346    3.3462    3.8581    
SITE207      15     0.2667     0.9333     -1.1000    1.0667    1.3663    
SITE208      18     0.1111     0.5000     -0.0794    2.4444    2.8674    
SITE209      7      0.0000     0.8571     -0.0043    2.1429    2.1712    
SITE212      6      0.0000     0.0000     -13.5545   6.1667    6.3901    
SITE215      33     0.4242     0.6061     -0.3969    2.0000    2.9233    
SITE217      20     0.2000     0.5500     -0.4025    2.0500    2.5199    
SITE219      16     0.0000     0.3750     -0.6807    3.2500    3.5355    
SITE229      17     0.1176     0.5882     -0.2046    2.2941    2.7116    
SITE230      8      0.3750     0.8750     0.3555     1.5000    2.9155    
SITE231      4      0.0000     0.0000     -8.0000    6.0000    6.3640    
SITE234      9      0.3333     0.7778     -1.0204    1.1111    1.5635    
SITE239      16     0.0000     0.4375     -2.5159    3.8125    4.5069    
SITE240      16     0.3125     0.6875     0.0682     1.6250    2.3452    
SITE241      29     0.4138     0.6552     0.3281     1.5517    2.2361    
SITE244      12     0.1667     0.1667     -3.4236    5.4167    6.2115    
SITE245      14     0.0000     0.4286     -1.0540    3.4286    3.8914    
SITE251      17     0.0000     0.2353     -2.8326    3.8824    4.3791    
SITE253      28     0.1429     0.6071     -0.3522    2.4643    3.1453    
SITE256      6      0.0000     0.3333     -3.8571    4.5000    5.0498    
SITE258      14     0.0000     0.5714     -0.0723    2.4286    2.7516    
SITE259      5      0.6000     0.6000     -0.6667    1.2000    1.8974    
SITE261      23     0.2174     0.5652     -1.0995    2.6522    3.5447    
SITE262      24     0.2917     0.7083     -0.0164    1.7500    2.3629    
SITE268      13     0.2308     0.3846     -0.8796    3.0000    3.7107    
SITE272      17     0.1765     0.5294     -1.2251    2.7647    3.3343    
SITE276      10     0.3000     0.9000     0.1892     1.2000    1.5492    
SITE301      5      1.0000     1.0000     nan        0.0000    0.0000    
SITE304      4      0.7500     0.7500     -0.3333    1.5000    3.0000    
SITE309      13     0.5385     0.5385     -0.1811    2.2308    3.4752    
SITE310      7      0.2857     0.5714     -1.4897    2.4286    3.1396    
SITE322      8      0.6250     0.6250     -0.5845    1.3750    2.2638    
SITE323      9      0.4444     0.5556     -0.9565    2.4444    3.4960    
SITE324      15     0.3333     0.4667     -1.1601    3.2000    4.3665    
SITE325      10     0.9000     1.0000     0.9714     0.2000    0.6325    
SITE327      17     0.1765     0.5882     -0.0154    2.2353    2.8697    
SITE330      15     0.1333     0.4000     -1.9161    3.5333    4.3589    
SITE331      7      0.4286     0.4286     -1.1560    2.4286    3.3166    
SITE332      10     0.3000     0.7000     -1.5967    1.7000    2.1679    
SITE333      7      0.4286     0.7143     -0.7246    1.4286    2.2039    
SITE334      8      0.5000     0.5000     -0.8421    2.0000    2.9580    
SITE336      6      0.5000     0.8333     -0.8000    1.3333    2.0000    
SITE338      5      0.6000     0.8000     -0.6250    1.0000    1.6125    
SITE339      8      0.2500     0.5000     -0.6271    2.0000    2.4495    
SITE340      12     0.3333     0.5000     -1.0983    2.5833    3.5707    
SITE343      12     0.3333     0.3333     -1.5646    3.0833    3.9476    
SITE345      6      0.5000     0.5000     -0.8750    2.3333    3.4157    
SITE353      10     0.5000     0.6000     -0.4015    2.0000    3.0984    
SITE355      10     0.5000     0.5000     -0.5000    2.8000    4.2426    
SITE358      17     0.2941     0.6471     -1.3611    1.6471    2.1693    
SITE360      8      0.3750     0.7500     -1.2737    1.3750    1.8371    
SITE361      6      0.5000     0.5000     -0.9494    2.5000    3.5824    
SITE362      12     0.3333     0.5000     -1.0403    3.1667    4.4347    
SITE363      10     0.5000     0.5000     -0.8622    2.6000    3.8210    
SITE366      12     0.1667     0.2500     -1.9504    3.8333    4.4535    
SITE367      8      0.6250     0.6250     -0.5845    1.3750    2.2638    
SITE375      7      0.2857     0.2857     -2.2436    5.0000    6.0119    
SITE376      10     0.3000     0.4000     -0.5468    2.4000    2.9326    
SITE377      17     0.2353     0.4118     -1.5054    3.1176    4.0220    
SITE380      8      0.3750     0.3750     -1.2425    3.1250    4.1982    
SITE383      5      0.2000     0.4000     -0.8617    2.2000    2.6458    
SITE385      9      0.2222     0.4444     -1.8491    2.7778    3.4480    
SITE386      13     0.3846     0.4615     -1.0839    3.1538    4.2517    
SITE388      6      0.1667     0.3333     -1.6460    2.8333    3.4400    
SITE389      11     0.6364     0.7273     -0.3876    1.1818    2.2361    
SITE397      16     0.0625     0.6250     -0.0323    1.8750    2.1213    
SITE401      5      0.6000     0.8000     0.3056     1.2000    2.0000    
SITE404      7      0.2857     0.5714     -1.2960    2.5714    3.4226    
SITE406      6      0.5000     0.6667     0.4885     1.3333    2.0817    
SITE407      6      0.6667     0.8333     -0.2832    1.1667    2.4833    
SITE411      33     0.1515     0.6667     -0.4622    2.1818    2.7524    
SITE417      34     0.1471     0.3529     -1.9870    3.5294    4.3386    
SITE420      16     0.1875     0.5625     -1.5791    2.8750    3.6742    
SITE421      11     0.0000     0.5455     -0.0195    2.3636    2.6285    
SITE422      12     0.1667     0.7500     0.1518     1.6667    2.1213    
SITE424      4      0.7500     0.7500     -0.3333    0.7500    1.5000    
SITE426      17     0.6471     0.9412     0.7529     0.5882    1.0847    
SITE430      5      0.6000     1.0000     -0.6667    0.8000    1.2649    
SITE434      11     0.0000     0.3636     -2.7201    3.9091    4.3589    
SITE435      12     0.0000     0.0000     -0.1658    3.5000    3.5355    
SITE437      26     0.0385     0.2692     -3.3956    3.9231    4.4635    
SITE438      19     0.1579     0.6842     -0.7164    2.0526    2.6057    
SITE439      13     0.2308     0.5385     -1.2842    2.5385    3.3855    
SITE442      17     0.2941     0.7647     -0.6325    1.8824    2.6122    
SITE443      3      0.0000     1.0000     -0.5000    1.6667    1.7321    
SITE446      18     0.0000     0.4444     -0.8798    3.1667    3.9791    
SITE447      7      0.0000     0.4286     -0.9545    3.8571    4.2929    
SITE454      5      0.8000     0.8000     -0.2500    0.6000    1.3416    
SITE455      9      0.0000     0.2222     -1.1373    4.4444    4.9216    
SITE460      4      0.0000     0.2500     -0.1053    3.0000    3.2404    
SITE461      6      0.0000     0.5000     -0.0853    2.5000    2.9721    
SITE463      7      0.2857     0.5714     -0.7680    2.8571    3.7417    
SITE464      7      0.5714     0.5714     -0.7246    2.8571    4.4078    
SITE468      8      0.3750     0.6250     -0.0980    1.6250    2.0917    
SITE469      5      0.4000     1.0000     -1.2500    1.0000    1.3416    
SITE471      19     0.3684     0.5263     -0.1944    2.1053    3.0262    
SITE474      7      0.2857     0.4286     -1.3080    2.7143    3.6056    
SITE477      13     0.3846     0.5385     -1.0199    2.4615    3.4641    
SITE483      9      0.2222     0.3333     -1.6895    3.4444    4.1231    
SITE485      14     0.2857     0.5714     0.0587     2.0714    2.7124    
SITE486      5      0.8000     1.0000     0.9500     0.2000    0.4472    
SITE490      13     0.4615     0.6923     -0.4491    1.7692    2.8148    
SITE492      7      0.2857     0.5714     -0.8065    1.7143    2.1381    
SITE506      15     0.5333     0.5333     -0.5750    2.2000    3.5496    
SITE508      34     0.0588     0.3824     -0.0594    2.7059    2.9803    
SITE510      7      0.4286     0.4286     -0.9275    2.2857    3.2950    
SITE520      12     0.0000     0.1667     -3.8571    4.5000    5.0498    
SITE521      17     0.2941     0.5294     -1.2475    3.5882    4.8446    
SITE522      21     0.4762     0.5238     -0.6567    2.5238    3.6968    
SITE528      12     0.4167     0.4167     -1.1136    2.3333    3.2146    
SITE538      7      0.2857     0.7143     0.2632     2.0000    2.5071    
SITE539      6      0.6667     0.6667     -0.3333    1.6667    2.8868    
SITE540      2      1.0000     1.0000     nan        0.0000    0.0000    
SITE541      7      0.2857     0.2857     -2.4018    5.2857    6.2906    
SITE542      13     0.4615     0.6154     0.0691     2.0000    2.9352    
SITE545      6      0.3333     0.6667     -9.0000    2.3333    3.1623    
SITE547      4      1.0000     1.0000     1.0000     0.0000    0.0000    
SITE556      4      0.2500     0.5000     -7.1667    2.7500    3.5000    
SITE557      19     0.0526     0.7368     -0.1816    2.1579    2.8191    
SITE561      10     0.1000     0.1000     -1.2434    4.2000    4.6043    
SITE563      8      0.2500     0.7500     -1.2090    2.2500    3.0414    
SITE564      5      0.0000     0.2000     -0.5402    3.4000    3.7148    
SITE568      6      0.1667     0.1667     -2.9904    4.1667    4.8132    
SITE569      13     0.2308     0.9231     -0.2008    1.3846    1.8811    
SITE572      5      0.0000     0.0000     -63.3750   7.8000    7.8613    
SITE574      6      0.1667     0.5000     -11.2338   4.1667    5.1153    
SITE575      16     0.1875     0.5625     -0.7155    2.8125    3.5267    
SITE577      8      0.0000     0.7500     -0.2525    2.2500    2.7839    
SITE578      10     0.4000     0.9000     0.4026     1.1000    1.5166    
SITE580      5      0.0000     0.0000     -45.5625   5.4000    5.4589    
SITE581      9      0.5556     0.8889     0.3094     1.0000    1.8559    
SITE584      8      0.3750     0.5000     -1.4545    2.0000    2.5981    
SITE587      7      0.5714     1.0000     -0.7500    0.8571    1.3093    
SITE593      9      0.5556     1.0000     -0.0086    0.7778    1.2019    
SITE595      18     0.5000     0.7222     0.0418     1.4444    2.3805    
SITE597      8      0.3750     0.3750     -0.6000    2.1250    2.7157    
SITE598      11     0.0000     0.9091     -0.0587    1.7273    1.9306    
SITE601      6      0.8333     1.0000     0.9903     0.1667    0.4082    
SITE602      16     0.3750     0.7500     -0.5359    2.0625    3.3072    
SITE606      13     0.3077     0.6923     -0.1128    2.0769    3.4081    
SITE607      9      0.2222     0.6667     -0.2036    2.3333    3.5119    
SITE610      9      0.0000     0.5556     -1.5714    3.3333    4.0000    
SITE612      15     0.2667     0.3333     -1.8199    3.2000    3.9833    
SITE616      16     0.3125     0.8750     0.6453     1.1875    1.5612    
SITE617      10     0.0000     0.4000     -2.0747    3.8000    4.6260    
SITE620      18     0.1111     0.8333     -0.0147    2.0000    2.7689    
SITE622      9      0.3333     0.6667     -0.8969    2.2222    3.2318    
SITE623      11     0.3636     1.0000     0.0928     0.9091    1.2060    
SITE624      8      0.2500     0.5000     -1.4735    2.8750    3.7249    
SITE626      10     0.3000     0.9000     0.4654     1.5000    2.4698    
SITE629      11     0.0909     0.6364     -0.1853    2.7273    3.2193    
SITE639      12     0.0000     0.0000     -5.4258    4.8333    5.2599    
SITE648      3      0.6667     0.6667     -0.5000    1.0000    1.7321    
SITE658      16     0.0625     0.3125     -1.9973    3.8125    4.6704    
SITE683      7      0.4286     0.7143     -1.2195    1.4286    1.9272    
SITE684      15     0.2000     0.6667     -0.3455    2.4000    3.2863    
SITE692      18     0.3333     0.5000     -1.2162    2.3333    3.0185    
SITE719      21     0.1905     0.6190     -0.0567    2.2857    2.8785    
SITE721      14     0.0000     0.2857     -3.3011    5.0714    5.6758    
SITE722      13     0.2308     0.7692     -0.0305    1.7692    2.2361    
SITE725      7      0.2857     0.4286     -1.4952    3.5714    4.6136    
SITE734      11     0.2727     0.7273     -0.2189    1.5455    1.9306    
SITE735      20     0.1500     0.4000     -1.2914    3.7000    4.5387    
SITE739      9      0.3333     0.7778     -1.2500    1.6667    2.2361    
SITE747      35     0.1714     0.4571     -1.0002    2.9714    3.6801    
SITE760      36     0.8889     0.9722     0.0000     0.1667    0.5774    
SITE786      9      0.3333     0.7778     -0.5076    2.2222    3.8297    
SITE801      10     0.0000     0.2000     -2.0864    4.5000    4.7434    
SITE802      7      0.4286     1.0000     -1.1667    1.0000    1.3628    
SITE807      9      0.3333     0.6667     -0.5556    1.7778    2.4944    
SITE808      5      0.4000     0.8000     -4.0000    1.6000    2.1909    
SITE821      7      0.0000     0.0000     -10.5000   6.0000    6.2792    
SITE831      10     0.1000     0.3000     -2.5050    3.7000    4.2071    
SITE844      6      0.1667     1.0000     0.8161     1.0000    1.1547    
SITE852      23     0.1304     0.6522     -0.3390    2.3043    2.8514    
SITE871      4      0.7500     0.7500     -0.3333    0.7500    1.5000    
--------------------------------------------------------------------------------------------------------------
OVERALL      3456   0.2491     0.5683     -0.5509    2.5179    3.4129    
--------------------------------------------------------------------------------------------------------------
