--------------------------------------------------------------------------------------------------------------
Site         N      Accuracy   +-2 Acc    R2         MAE(mi)    RMSE(mi)  
--------------------------------------------------------------------------------------------------------------
SITE4        7      0.2857     0.5714     -1.4062    2.1429    2.8031    
SITE5        11     0.2727     0.4545     -1.2164    2.8182    3.5032    
SITE6        13     0.4615     0.6923     -0.1405    2.2308    3.6480    
SITE7        31     0.2581     0.6452     -0.0043    1.9032    2.4692    
SITE8        14     0.3571     0.6429     -0.2663    1.7143    2.2678    
SITE10       16     0.1875     0.5625     -0.6100    2.5625    3.3260    
SITE11       6      0.3333     0.6667     -0.3846    2.3333    3.1623    
SITE12       16     0.2500     0.6875     -0.4454    2.0625    2.9896    
SITE13       29     0.2759     0.7931     -0.1590    1.6207    2.1415    
SITE14       10     0.2000     0.6000     -0.6401    2.5000    3.3615    
SITE15       19     0.2105     0.3684     -1.0318    3.0526    3.7134    
SITE17       21     0.1905     0.3810     -1.5973    3.5238    4.3534    
SITE18       20     0.4000     0.7000     0.2493     1.5000    2.2136    
SITE19       44     0.2727     0.9318     0.3242     1.1591    1.7386    
SITE20       10     0.4000     0.6000     -1.8866    3.2000    4.7329    
SITE21       14     0.2143     0.6429     -0.9238    2.7143    3.9641    
SITE22       60     0.3667     0.8833     -0.0167    1.1000    1.6432    
SITE24       11     0.2727     0.5455     -0.5543    2.3636    3.0748    
SITE25       24     0.2083     0.6667     -0.1254    1.8750    2.3717    
SITE26       16     0.3125     0.8750     0.3330     1.5625    2.4109    
SITE29       17     0.2353     0.4706     -0.4986    2.6471    3.3343    
SITE30       13     0.1538     0.4615     -0.0931    2.6154    3.1623    
SITE33       22     0.2273     0.6364     -0.2363    2.0000    2.8284    
SITE35       7      0.5714     0.5714     -0.5239    3.0000    4.7056    
SITE36       10     0.3000     0.5000     -1.0418    3.6000    5.0398    
SITE40       24     0.1250     0.7500     -0.4306    1.9583    2.4410    
SITE41       31     0.2258     0.7097     -0.1067    1.8065    2.3962    
SITE42       12     0.5833     0.5833     -0.1565    2.0833    3.3292    
SITE43       19     0.2105     0.4211     -1.6167    3.1053    3.9403    
SITE45       23     0.2609     0.5217     -0.3994    2.6087    3.3751    
SITE48       16     0.1875     0.6250     -0.0024    2.1250    2.5739    
SITE49       10     0.3000     0.7000     0.0090     1.6000    2.0976    
SITE50       8      0.3750     0.6250     0.2424     1.8750    2.7157    
SITE53       15     0.3333     0.6000     -0.9077    2.3333    3.4157    
SITE58       21     0.1905     0.5714     -0.6594    2.4762    3.3238    
SITE59       12     0.2500     0.7500     -0.1620    1.9167    2.9011    
SITE65       13     0.3077     0.6154     -0.2558    2.3077    3.3050    
SITE66       11     0.3636     0.6364     -0.7395    2.5455    3.5162    
SITE73       18     0.2778     0.7778     0.2430     1.9444    2.7789    
SITE75       13     0.2308     0.6923     0.2233     1.7692    2.2361    
SITE76       7      0.2857     0.4286     -1.6678    4.5714    5.7817    
SITE78       11     0.2727     0.4545     -0.9475    3.2727    4.4313    
SITE80       6      0.5000     0.5000     -0.3479    2.3333    3.6968    
SITE81       10     0.4000     0.7000     -0.2221    2.1000    3.0496    
SITE84       16     0.2500     0.7500     -0.5593    1.8750    2.3979    
SITE86       10     0.2000     0.7000     -0.5789    2.4000    3.2863    
SITE94       21     0.4762     0.6667     -0.0967    1.7143    2.6547    
SITE95       6      0.3333     0.3333     -1.1782    3.8333    5.2122    
SITE96       6      0.5000     0.8333     -0.4545    2.0000    3.4641    
SITE97       7      0.5714     0.7143     -0.3086    2.8571    4.8697    
SITE98       20     0.2500     0.6500     -0.4877    2.3500    3.2016    
SITE104      12     0.2500     0.7500     -0.3606    1.8333    2.4495    
SITE106      14     0.4286     0.7143     -0.2852    1.9286    3.1736    
SITE111      15     0.2667     0.4000     -0.3629    2.6000    3.3961    
SITE115      17     0.1765     0.4706     -1.4337    3.0588    3.9853    
SITE116      14     0.3571     0.6429     -0.3686    2.1429    3.2071    
SITE117      24     0.2500     0.7500     -0.3339    1.7500    2.4152    
SITE119      12     0.2500     0.5000     -0.6495    2.8333    3.6515    
SITE125      8      0.1250     0.2500     -3.4052    5.3750    6.1135    
SITE127      16     0.1875     0.7500     -0.2125    1.8125    2.4622    
SITE128      18     0.2222     0.5000     -0.7281    2.6111    3.4075    
SITE129      15     0.2000     0.4667     -0.8939    3.0667    3.8816    
SITE132      8      0.2500     0.7500     -0.3112    2.1250    3.3354    
SITE134      9      0.3333     0.4444     -0.0983    2.2222    2.8284    
SITE156      17     0.1765     0.5294     -0.6585    2.5882    3.3607    
SITE160      10     0.2000     0.5000     -0.6110    2.5000    3.3317    
SITE161      14     0.2857     0.5714     -0.3125    2.1429    2.9277    
SITE165      7      0.5714     0.5714     -1.0811    2.5714    3.9641    
SITE167      11     0.3636     0.5455     -2.4173    3.1818    4.6024    
SITE168      10     0.4000     0.8000     0.3236     1.7000    2.5495    
SITE169      14     0.3571     0.5714     -0.3730    2.1429    2.9520    
SITE171      14     0.3571     0.6429     -0.6438    2.0714    3.2404    
SITE178      12     0.2500     0.6667     -0.0213    1.8333    2.3094    
SITE179      27     0.2963     0.5926     -1.0784    2.4815    3.4265    
SITE186      19     0.2105     0.4737     -0.9168    3.1579    4.1039    
SITE193      15     0.4000     0.6000     -0.8629    2.8000    4.2426    
SITE194      18     0.2222     0.6111     -1.3808    2.4444    3.1798    
SITE198      14     0.3571     0.7143     -0.7500    2.0000    2.9520    
SITE203      33     0.3939     0.8788     0.4955     1.2424    1.8990    
SITE205      24     0.2083     0.6667     -0.3238    2.1250    2.8940    
SITE207      12     0.2500     0.8333     -0.0162    1.4167    1.9791    
SITE208      13     0.3077     0.6923     -0.8519    2.6154    3.9419    
SITE209      8      0.2500     0.6250     -0.1988    1.8750    2.4749    
SITE212      9      0.2222     0.5556     -0.0018    2.1111    2.6458    
SITE215      33     0.4848     0.7576     0.1322     1.5455    2.5643    
SITE217      16     0.3125     0.5625     -0.9259    2.5000    3.6056    
SITE219      15     0.3333     0.4667     -0.3605    2.4000    3.2660    
SITE229      14     0.2857     0.4286     -1.2552    3.2857    4.2258    
SITE230      11     0.3636     0.5455     -0.2987    2.4545    3.6804    
SITE231      7      0.1429     0.5714     -0.4505    2.8571    3.6253    
SITE234      11     0.2727     0.8182     -0.1702    1.4545    1.9069    
SITE239      15     0.4000     0.6000     -0.2083    2.0667    3.1091    
SITE240      14     0.1429     0.5714     -0.5873    2.5714    3.5051    
SITE241      25     0.2400     0.6000     -0.5885    2.4800    3.4986    
SITE244      12     0.0833     0.0833     -3.4702    5.7500    6.2517    
SITE245      15     0.4000     0.5333     -0.7901    2.8000    3.9328    
SITE251      11     0.3636     0.5455     -0.2321    2.0909    2.9695    
SITE253      30     0.2667     0.6667     -0.7101    2.3000    3.2506    
SITE256      5      0.2000     0.6000     -0.5517    2.0000    2.6833    
SITE258      12     0.3333     0.7500     -0.0556    1.6667    2.5166    
SITE259      9      0.4444     0.5556     -0.6057    2.8889    4.2426    
SITE261      15     0.2000     0.4667     -1.6166    3.6667    4.6833    
SITE262      20     0.3000     0.7000     -0.4754    1.9000    2.8461    
SITE268      13     0.3846     0.6923     0.1327     1.7692    2.6747    
SITE272      13     0.2308     0.3077     -2.1417    4.1538    5.1739    
SITE276      12     0.3333     0.7500     -0.0485    1.4167    1.9365    
SITE301      5      1.0000     1.0000     1.0000     0.0000    0.0000    
SITE304      5      0.6000     0.6000     -0.6602    2.6000    4.1231    
SITE309      13     0.4615     0.6923     0.4455     1.4615    2.2361    
SITE310      7      0.4286     0.7143     -0.5160    2.1429    3.4017    
SITE322      9      0.5556     0.6667     -0.5414    1.5556    2.6247    
SITE323      9      0.4444     0.5556     -0.9565    2.4444    3.4960    
SITE324      17     0.2941     0.4118     -1.4581    3.5882    4.6590    
SITE325      8      0.3750     0.6250     -0.5435    3.0000    4.2131    
SITE327      16     0.2500     0.5000     -0.9375    3.0625    4.1458    
SITE330      14     0.2857     0.5000     -1.3029    2.8571    3.7985    
SITE331      7      0.5714     0.7143     -0.1730    1.7143    2.9761    
SITE332      9      0.5556     0.7778     -0.3352    1.0000    1.7321    
SITE333      5      0.6000     0.8000     -0.4167    1.0000    1.8439    
SITE334      12     0.3333     0.3333     -1.5410    3.2500    4.1733    
SITE336      5      0.6000     0.8000     -0.5625    1.2000    2.0000    
SITE338      5      0.6000     0.8000     -0.6250    1.0000    1.6125    
SITE339      8      0.3750     0.5000     -0.2033    2.0000    2.5981    
SITE340      12     0.3333     0.5000     -1.1620    2.5833    3.5237    
SITE343      12     0.4167     0.4167     -1.0423    2.5833    3.5707    
SITE345      7      0.5714     0.7143     0.0993     1.2857    2.2361    
SITE353      8      0.6250     0.7500     -0.0110    1.2500    2.3979    
SITE355      9      0.5556     0.6667     -0.4960    2.2222    3.7118    
SITE358      14     0.3571     0.7143     0.2397     1.5000    2.1213    
SITE360      8      0.6250     0.8750     0.3552     0.8750    1.8371    
SITE361      7      0.4286     0.4286     -1.1655    2.5714    3.5051    
SITE362      11     0.3636     0.5455     -0.9631    3.1818    4.5427    
SITE363      11     0.5455     0.6364     -0.5641    1.7273    2.8762    
SITE366      12     0.5000     0.7500     0.2408     1.4167    2.3629    
SITE367      8      0.6250     0.6250     -0.4620    1.8750    3.3354    
SITE375      6      0.6667     0.6667     -0.2491    1.8333    3.1885    
SITE376      9      0.2222     0.3333     -0.3333    2.4444    2.8284    
SITE377      12     0.4167     0.5833     -0.8182    2.2500    3.3541    
SITE380      8      0.3750     0.3750     -1.2425    3.1250    4.1982    
SITE383      4      0.5000     0.5000     -0.8889    2.0000    2.9155    
SITE385      9      0.3333     0.6667     -0.2500    2.0000    2.7889    
SITE386      11     0.5455     0.8182     0.5155     1.0909    1.7581    
SITE388      7      0.2857     0.7143     -0.9709    2.0000    2.8785    
SITE389      11     0.6364     0.7273     -0.3657    1.6364    3.1623    
SITE397      14     0.4286     0.7143     0.1705     1.5714    2.4202    
SITE401      7      0.7143     0.8571     0.6473     0.7143    1.3628    
SITE404      6      0.6667     0.6667     -0.0250    1.5000    2.6141    
SITE406      6      0.5000     0.8333     0.7994     0.8333    1.3540    
SITE407      7      0.7143     0.7143     -1.0333    1.5714    2.9520    
SITE411      29     0.3103     0.6207     -0.6051    1.9655    2.6846    
SITE417      24     0.2500     0.6250     -0.0102    1.9167    2.4833    
SITE420      15     0.2667     0.6000     -0.4720    2.0667    2.6458    
SITE421      11     0.3636     0.5455     -0.9719    2.7273    3.8847    
SITE422      13     0.2308     0.6154     0.1044     1.8462    2.2532    
SITE424      6      0.6667     0.6667     -0.4032    1.6667    3.1091    
SITE426      15     0.4667     0.8000     0.4744     1.2000    1.8619    
SITE430      9      0.4444     0.7778     0.2684     1.7778    3.0912    
SITE434      12     0.3333     0.5000     -0.2927    2.1667    2.9721    
SITE435      9      0.3333     0.4444     -1.1329    3.1111    4.2687    
SITE437      18     0.1667     0.6111     -0.0922    2.1667    2.6562    
SITE438      15     0.2000     0.7333     -0.6776    2.0667    2.8166    
SITE439      13     0.4615     0.6923     0.1321     1.6923    2.6602    
SITE442      19     0.1579     0.5789     -0.5435    2.7368    3.4489    
SITE443      6      0.5000     0.5000     -0.7554    3.0000    4.5092    
SITE446      18     0.3333     0.6667     -0.6012    2.5000    3.7786    
SITE447      5      0.4000     0.8000     0.3692     1.4000    2.3238    
SITE454      7      0.5714     0.5714     -0.6667    2.0000    3.1623    
SITE455      9      0.4444     0.6667     0.1733     1.8889    2.9627    
SITE460      4      0.2500     0.5000     0.0000     2.5000    3.0822    
SITE461      5      0.2000     0.4000     -0.0045    2.6000    3.0000    
SITE463      6      0.1667     0.1667     -2.6822    5.1667    5.7300    
SITE464      8      0.5000     0.6250     -0.3468    2.3750    3.8243    
SITE468      6      0.5000     0.5000     -1.9464    3.0000    4.2817    
SITE469      4      0.7500     1.0000     0.6364     0.2500    0.5000    
SITE471      17     0.3529     0.4118     -1.1710    3.2941    4.4853    
SITE474      6      0.3333     0.5000     -1.0000    2.5000    3.5355    
SITE477      14     0.4286     0.5714     -0.8308    2.5714    3.8173    
SITE483      9      0.3333     0.5556     -1.1486    3.0000    4.2032    
SITE485      10     0.1000     0.1000     -4.1016    6.6000    7.0852    
SITE486      6      0.8333     1.0000     0.9636     0.1667    0.4082    
SITE490      13     0.3077     0.4615     -0.9919    2.6154    3.4194    
SITE492      6      0.5000     0.8333     0.2584     0.8333    1.3540    
SITE506      10     0.7000     0.8000     0.3548     1.0000    1.9494    
SITE508      27     0.2963     0.4815     -1.2368    3.2222    4.3333    
SITE510      6      0.3333     0.3333     -0.9571    2.6667    3.5590    
SITE520      16     0.4375     0.7500     0.2572     1.4375    2.3049    
SITE521      17     0.3529     0.7059     0.2083     2.1176    2.9902    
SITE522      18     0.4444     0.6111     -0.3111    2.1667    3.3250    
SITE528      11     0.4545     0.5455     -0.9085    2.1818    3.1623    
SITE538      7      0.2857     0.2857     -1.7396    4.7143    5.9161    
SITE539      7      0.4286     0.4286     -1.2716    3.2857    4.3916    
SITE540      6      0.6667     0.8333     0.6629     1.0000    1.8257    
SITE541      9      0.4444     0.6667     0.1420     2.2222    3.2998    
SITE542      8      0.5000     0.6250     0.3333     1.7500    2.7386    
SITE545      9      0.4444     0.7778     -0.3077    2.0000    3.3665    
SITE547      7      0.4286     0.4286     -1.2604    4.7143    6.3133    
SITE556      6      0.3333     0.5000     -0.1300    2.5000    3.4400    
SITE557      19     0.3684     0.7895     0.3317     1.5789    2.2711    
SITE561      15     0.4000     0.6000     -0.1339    2.2000    3.1937    
SITE563      10     0.3000     0.8000     0.0196     1.9000    2.7386    
SITE564      9      0.3333     0.6667     -0.0426    2.2222    3.2998    
SITE568      7      0.2857     0.4286     -0.7711    2.5714    3.4641    
SITE569      11     0.2727     0.5455     -0.1530    2.0000    2.5937    
SITE572      8      0.5000     0.7500     -0.0991    1.8750    3.1425    
SITE574      9      0.2222     0.4444     -1.5013    3.7778    4.8762    
SITE575      15     0.2667     0.7333     -0.0007    1.9333    2.5949    
SITE577      9      0.3333     0.3333     -1.5652    4.0000    5.1208    
SITE578      7      0.7143     0.7143     -0.8030    1.1429    2.2039    
SITE580      6      0.3333     0.5000     -0.4800    2.6667    3.5119    
SITE581      10     0.4000     0.6000     -0.3012    1.9000    2.7019    
SITE584      8      0.3750     0.5000     -0.8630    2.6250    3.8568    
SITE587      8      0.3750     0.5000     -0.2280    2.6250    3.5882    
SITE593      11     0.3636     0.7273     -0.3488    2.0000    2.8604    
SITE595      18     0.3333     0.6667     0.1777     1.7778    2.4721    
SITE597      8      0.3750     0.5000     -0.6583    2.3750    3.3727    
SITE598      7      0.2857     0.5714     -1.0417    2.1429    3.0000    
SITE601      8      0.8750     0.8750     0.8454     0.5000    1.4142    
SITE602      12     0.3333     0.7500     -0.2253    2.0833    3.3040    
SITE606      15     0.2667     0.6000     -0.4135    2.6000    3.8210    
SITE607      12     0.1667     0.5000     -0.6526    3.0000    3.8730    
SITE610      10     0.3000     0.8000     0.6200     1.5000    1.8708    
SITE612      14     0.4286     0.6429     0.0083     1.7143    2.6992    
SITE616      13     0.3077     0.6154     -0.4377    2.5385    3.5626    
SITE617      10     0.3000     0.5000     -0.6170    2.8000    3.8987    
SITE620      17     0.2941     0.5294     -0.9558    2.8824    4.1231    
SITE622      13     0.3077     0.6154     -0.3285    2.2308    3.0509    
SITE623      8      0.2500     0.8750     -0.6667    1.2500    1.5811    
SITE624      9      0.4444     0.6667     -1.1996    2.3333    3.4801    
SITE626      10     0.3000     0.7000     -0.4479    2.7000    4.1352    
SITE629      13     0.3077     0.5385     -0.3364    2.5385    3.3627    
SITE639      11     0.2727     0.7273     -1.0914    2.6364    4.0564    
SITE648      7      0.2857     0.4286     -1.3832    4.1429    5.4380    
SITE658      16     0.1875     0.5625     -0.1270    2.3750    2.9791    
SITE683      7      0.7143     1.0000     0.6818     0.4286    0.8452    
SITE684      14     0.2857     0.6429     -0.9848    2.8571    4.0000    
SITE692      15     0.2000     0.3333     -1.1951    3.2000    3.7947    
SITE719      16     0.2500     0.6875     -0.1163    2.1875    2.9047    
SITE721      12     0.0000     0.7500     0.1455     2.5000    2.7689    
SITE722      14     0.2857     0.7857     -0.1200    1.7143    2.3905    
SITE725      9      0.4444     0.6667     0.1081     1.7778    2.7080    
SITE734      13     0.3077     0.6154     -1.2526    2.6923    3.9321    
SITE735      17     0.2353     0.5882     -0.1695    2.3529    3.1060    
SITE739      10     0.2000     0.5000     -0.0013    2.3000    2.8107    
SITE747      30     0.2000     0.5667     -1.0073    2.7333    3.5870    
SITE760      33     0.8788     0.9091     -0.0358    0.4545    1.4668    
SITE786      10     0.2000     0.2000     -3.0056    5.7000    6.5803    
SITE801      8      0.2500     0.7500     -0.1852    2.0000    3.1623    
SITE802      9      0.3333     0.6667     -0.8138    2.5556    3.8152    
SITE807      7      0.2857     0.5714     -1.3894    2.4286    3.1848    
SITE808      7      0.2857     0.5714     -0.2643    2.5714    3.4226    
SITE821      10     0.2000     0.2000     -0.3455    3.1000    3.5355    
SITE831      11     0.3636     0.5455     -0.1677    2.2727    3.1189    
SITE844      7      0.4286     0.7143     -0.0281    1.5714    2.5912    
SITE852      14     0.2857     0.5714     -0.6573    2.4286    3.2950    
SITE871      7      0.4286     0.7143     0.0959     2.0000    3.1623    
--------------------------------------------------------------------------------------------------------------
OVERALL      3232   0.3332     0.6247     -0.3149    2.2546    3.2757    
--------------------------------------------------------------------------------------------------------------
