--------------------------------------------------------------------------------------------------------------
Site         N      Accuracy   +-2 Acc    R2         MAE(mi)    RMSE(mi)  
--------------------------------------------------------------------------------------------------------------
SITE4        7      0.2857     0.7143     -1.1875    2.0000    2.6726    
SITE5        11     0.0909     0.4545     -0.7731    2.5455    3.1334    
SITE6        13     0.3846     0.7692     0.4199     1.6923    2.6018    
SITE7        31     0.3226     0.7742     0.1711     1.5484    2.2433    
SITE8        14     0.2857     0.7143     -0.0905    1.5714    2.1044    
SITE10       16     0.3125     0.6250     -0.3644    2.1250    3.0619    
SITE11       6      0.1667     0.5000     -1.5154    3.5000    4.2622    
SITE12       16     0.5625     0.8125     0.5856     0.9375    1.6008    
SITE13       29     0.3103     0.7931     -0.1241    1.5517    2.1091    
SITE14       10     0.3000     0.7000     0.3614     1.6000    2.0976    
SITE15       19     0.4211     0.6842     0.0849     1.6842    2.4921    
SITE17       21     0.1905     0.5238     -0.2399    2.3810    3.0079    
SITE18       20     0.4500     0.7500     -0.1260    1.6500    2.7111    
SITE19       44     0.3636     0.7955     0.1971     1.2727    1.8950    
SITE20       10     0.3000     0.7000     -0.6624    2.3000    3.5917    
SITE21       14     0.4286     0.8571     0.7114     1.0714    1.5353    
SITE22       60     0.4500     0.9167     0.3787     0.8167    1.2845    
SITE24       11     0.2727     0.5455     -0.0163    2.0000    2.4863    
SITE25       24     0.2917     0.6667     0.0497     1.6667    2.1794    
SITE26       16     0.4375     0.8125     0.3115     1.5000    2.4495    
SITE29       17     0.4118     0.7059     0.2626     1.5882    2.3389    
SITE30       13     0.2308     0.7692     0.4366     1.6154    2.2702    
SITE33       22     0.3636     0.7727     0.4170     1.3182    1.9424    
SITE35       7      0.8571     1.0000     0.9607     0.2857    0.7559    
SITE36       10     0.4000     0.9000     0.8392     1.0000    1.4142    
SITE40       24     0.1667     0.6667     -0.8008    2.2500    2.7386    
SITE41       31     0.3548     0.6774     -0.1191    1.6774    2.4097    
SITE42       12     0.4167     0.7500     0.4522     1.5833    2.2913    
SITE43       19     0.3158     0.6842     -0.0201    1.7368    2.4602    
SITE45       23     0.2609     0.6522     -0.0149    2.1739    2.8742    
SITE48       16     0.4375     0.6250     -0.0402    1.7500    2.6220    
SITE49       10     0.3000     0.8000     0.1892     1.4000    1.8974    
SITE50       8      0.8750     1.0000     0.9872     0.1250    0.3536    
SITE53       15     0.1333     0.6667     -0.2536    2.2000    2.7689    
SITE58       21     0.3810     0.5714     -0.1444    2.0000    2.7603    
SITE59       12     0.0833     0.3333     -2.4631    4.2500    5.0083    
SITE65       13     0.3077     0.4615     -0.8395    3.0769    4.0000    
SITE66       11     0.2727     0.4545     -2.2744    3.4545    4.8242    
SITE73       18     0.4444     0.8333     0.3301     1.5000    2.6141    
SITE75       13     0.6154     0.7692     0.1756     1.3077    2.3038    
SITE76       7      0.5714     0.8571     0.7606     1.0000    1.7321    
SITE78       11     0.4545     0.7273     0.5582     1.3636    2.1106    
SITE80       6      0.8333     1.0000     0.9342     0.3333    0.8165    
SITE81       10     0.4000     0.8000     0.1064     1.8000    2.6077    
SITE84       16     0.3750     0.8125     -0.0169    1.3750    1.9365    
SITE86       10     0.3000     0.6000     0.0789     1.9000    2.5100    
SITE94       21     0.3810     0.6190     -0.5265    2.0952    3.1320    
SITE95       6      0.5000     0.8333     0.8530     0.8333    1.3540    
SITE96       6      0.8333     0.8333     0.8182     0.5000    1.2247    
SITE97       7      1.0000     1.0000     1.0000     0.0000    0.0000    
SITE98       20     0.2500     0.7000     0.0639     1.8500    2.5397    
SITE104      12     0.5000     0.7500     -0.2472    1.5000    2.3452    
SITE106      14     0.2857     0.7857     0.0247     1.9286    2.7646    
SITE111      15     0.2667     0.5333     -0.0478    2.3333    2.9777    
SITE115      17     0.2353     0.8235     0.3510     1.5294    2.0580    
SITE116      14     0.2143     0.6429     -0.1976    2.2857    3.0000    
SITE117      24     0.2083     0.6667     -0.6578    2.0000    2.6926    
SITE119      12     0.2500     0.5833     -0.3196    2.5000    3.2660    
SITE125      8      0.1250     0.5000     -0.8858    3.2500    4.0000    
SITE127      16     0.2500     0.8125     -0.0125    1.6875    2.2500    
SITE128      18     0.3333     0.5556     -0.8190    2.4444    3.4960    
SITE129      15     0.2667     0.6000     -0.4162    2.4667    3.3566    
SITE132      8      0.1250     0.7500     -0.2523    2.3750    3.2596    
SITE134      9      0.3333     0.3333     -0.5864    2.6667    3.3993    
SITE156      17     0.4118     0.7647     0.4126     1.2941    2.0000    
SITE160      10     0.6000     0.7000     0.4920     1.1000    1.8708    
SITE161      14     0.5714     0.7857     0.3109     1.2143    2.1213    
SITE165      7      0.4286     0.7143     -0.4946    2.1429    3.3594    
SITE167      11     0.1818     0.7273     -0.3787    2.0000    2.9233    
SITE168      10     0.4000     0.9000     0.6254     1.2000    1.8974    
SITE169      14     0.4286     0.5714     -0.2267    1.9286    2.7903    
SITE171      14     0.2857     0.5714     -0.1741    2.0714    2.7386    
SITE178      12     0.2500     0.8333     0.1862     1.5833    2.0616    
SITE179      27     0.1852     0.4815     -0.5408    2.4074    2.9502    
SITE186      19     0.3684     0.5789     -0.1321    2.2632    3.1539    
SITE193      15     0.3333     0.8000     0.3652     1.7333    2.4766    
SITE194      18     0.2222     0.6667     -0.7922    2.1667    2.7588    
SITE198      14     0.3571     0.7857     -0.2336    1.5714    2.4785    
SITE203      33     0.3636     0.7273     0.4446     1.4242    1.9924    
SITE205      24     0.2083     0.6667     -0.3568    2.1667    2.9297    
SITE207      12     0.3333     0.9167     0.1784     1.1667    1.7795    
SITE208      13     0.4615     0.8462     0.6791     1.1538    1.6408    
SITE209      8      0.2500     0.8750     0.1193     1.5000    2.1213    
SITE212      9      0.3333     0.3333     -1.0194    3.0000    3.7565    
SITE215      33     0.5758     0.8788     0.5521     1.0303    1.8423    
SITE217      16     0.3750     0.6875     -0.0463    1.8125    2.6575    
SITE219      15     0.3333     0.5333     -0.3776    2.4000    3.2863    
SITE229      14     0.2143     0.5714     -0.6237    2.5714    3.5857    
SITE230      11     0.4545     0.8182     0.7211     1.0909    1.7056    
SITE231      7      0.2857     0.5714     0.2432     2.0000    2.6186    
SITE234      11     0.2727     0.7273     -0.0239    1.3636    1.7838    
SITE239      15     0.4667     0.9333     0.4333     1.2000    2.1292    
SITE240      14     0.2857     0.6429     0.4186     1.6429    2.1213    
SITE241      25     0.2800     0.6800     0.1435     1.8000    2.5690    
SITE244      12     0.3333     0.7500     0.6378     1.3333    1.7795    
SITE245      15     0.2000     0.5333     -0.4429    2.7333    3.5308    
SITE251      11     0.1818     0.4545     -0.4099    2.6364    3.1766    
SITE253      30     0.2000     0.7000     -0.2030    2.0333    2.7264    
SITE256      5      0.2000     0.4000     -1.8879    3.0000    3.6606    
SITE258      12     0.3333     0.8333     0.4444     1.3333    1.8257    
SITE259      9      0.6667     0.8889     0.7919     0.7778    1.5275    
SITE261      15     0.5333     0.6000     -0.1373    1.9333    3.0876    
SITE262      20     0.4000     0.8000     0.1257     1.4000    2.1909    
SITE268      13     0.3846     0.6154     -0.0258    2.0000    2.9089    
SITE272      13     0.3077     0.6154     0.2056     2.0000    2.6018    
SITE276      12     0.5000     0.8333     -0.0252    1.1667    1.9149    
SITE301      5      1.0000     1.0000     1.0000     0.0000    0.0000    
SITE304      5      0.6000     0.8000     0.0234     1.6000    3.1623    
SITE309      13     0.4615     0.7692     0.6247     1.2308    1.8397    
SITE310      7      0.4286     0.7143     -0.5160    2.1429    3.4017    
SITE322      9      0.5556     0.7778     -0.1685    1.2222    2.2852    
SITE323      9      0.6667     0.8889     0.2708     1.0000    2.1344    
SITE324      17     0.4118     0.7059     0.3672     1.5882    2.3639    
SITE325      8      0.5000     0.8750     0.3696     1.5000    2.6926    
SITE327      16     0.5625     0.8750     0.4927     1.1250    2.1213    
SITE330      14     0.5000     0.7143     0.0537     1.5000    2.4349    
SITE331      7      0.5714     0.5714     -0.1541    1.8571    2.9520    
SITE332      9      0.5556     0.6667     -2.7088    1.6667    2.8868    
SITE333      5      0.8000     0.8000     -0.3333    0.8000    1.7889    
SITE334      12     0.4167     0.5833     -0.5441    2.2500    3.2532    
SITE336      5      0.4000     0.8000     -2.4375    2.0000    2.9665    
SITE338      5      0.4000     0.8000     -0.7500    1.2000    1.6733    
SITE339      8      0.3750     0.7500     0.4652     1.2500    1.7321    
SITE340      12     0.2500     0.5000     -0.3640    2.1667    2.7988    
SITE343      12     0.5000     0.6667     0.3993     1.2500    1.9365    
SITE345      7      0.5714     0.7143     0.0993     1.2857    2.2361    
SITE353      8      0.7500     0.8750     0.7802     0.5000    1.1180    
SITE355      9      0.6667     0.7778     0.0952     1.4444    2.8868    
SITE358      14     0.4286     0.7857     0.5414     1.1429    1.6475    
SITE360      8      0.6250     0.8750     0.5701     0.7500    1.5000    
SITE361      7      0.4286     0.7143     0.4209     1.2857    1.8127    
SITE362      11     0.5455     0.8182     0.4206     1.3636    2.4680    
SITE363      11     0.6364     0.7273     0.1578     1.1818    2.1106    
SITE366      12     0.3333     0.4167     -0.5751    2.5833    3.4034    
SITE367      8      0.6250     0.6250     0.3265     1.3750    2.2638    
SITE375      6      0.6667     0.6667     0.0785     1.5000    2.7386    
SITE376      9      0.5556     0.7778     0.6296     0.8889    1.4907    
SITE377      12     0.6667     0.8333     0.4613     1.0000    1.8257    
SITE380      8      0.3750     0.6250     -0.0497    2.0000    2.8723    
SITE383      4      0.5000     0.7500     0.2778     1.2500    1.8028    
SITE385      9      0.5556     0.6667     -0.0357    1.5556    2.5386    
SITE386      11     0.6364     0.9091     0.7863     0.6364    1.1677    
SITE388      7      0.4286     0.7143     -0.2573    1.5714    2.2991    
SITE389      11     0.6364     0.8182     0.3792     1.0909    2.1320    
SITE397      14     0.5000     0.8571     0.6763     1.0000    1.5119    
SITE401      7      0.5714     0.7143     -0.3295    1.5714    2.6458    
SITE404      6      0.6667     0.8333     0.3500     1.0000    2.0817    
SITE406      6      0.5000     0.6667     -0.0760    1.8333    3.1358    
SITE407      7      0.7143     0.8571     -0.2333    1.0000    2.2991    
SITE411      29     0.2069     0.6552     -0.4746    2.0000    2.5731    
SITE417      24     0.2917     0.7500     -0.0990    1.7083    2.5900    
SITE420      15     0.1333     0.6667     -0.7664    2.2667    2.8983    
SITE421      11     0.3636     0.4545     -0.7819    2.7273    3.6927    
SITE422      13     0.1538     0.6923     -0.0585    2.0000    2.4495    
SITE424      6      0.5000     0.5000     -0.6210    2.1667    3.3417    
SITE426      15     0.4667     0.7333     0.3935     1.3333    2.0000    
SITE430      9      0.5556     0.7778     0.3450     1.6667    2.9250    
SITE434      12     0.5000     0.5833     -0.2195    1.8333    2.8868    
SITE435      9      0.6667     0.7778     0.4538     1.1111    2.1602    
SITE437      18     0.3333     0.6111     -1.1930    2.6111    3.7639    
SITE438      15     0.2000     0.8000     -0.6071    2.0000    2.7568    
SITE439      13     0.4615     0.6923     0.1321     1.6923    2.6602    
SITE442      19     0.4211     0.8947     0.2965     1.3158    2.3283    
SITE443      6      0.6667     0.6667     0.5108     1.3333    2.3805    
SITE446      18     0.2222     0.5000     -1.0374    3.2778    4.2622    
SITE447      5      0.2000     0.4000     -0.1916    2.6000    3.1937    
SITE454      7      0.7143     0.7143     -0.1905    1.4286    2.6726    
SITE455      9      0.4444     0.5556     -0.5279    2.6667    4.0277    
SITE460      4      0.2500     0.7500     0.4474     1.7500    2.2913    
SITE461      5      0.4000     0.8000     0.4643     1.6000    2.1909    
SITE463      6      0.3333     1.0000     0.7009     1.3333    1.6330    
SITE464      8      0.6250     1.0000     0.8964     0.6250    1.0607    
SITE468      6      0.5000     0.8333     -0.1786    1.6667    2.7080    
SITE469      4      0.7500     1.0000     -0.4545    0.5000    1.0000    
SITE471      17     0.5882     0.6471     0.3144     1.5294    2.5205    
SITE474      6      0.5000     0.6667     -0.5733    1.8333    3.1358    
SITE477      14     0.4286     0.7143     -0.0769    1.8571    2.9277    
SITE483      9      0.4444     0.7778     0.5811     1.2222    1.8559    
SITE485      10     0.5000     1.0000     0.8882     0.7000    1.0488    
SITE486      6      0.6667     1.0000     0.9273     0.3333    0.5774    
SITE490      13     0.5385     0.7692     0.4758     1.0769    1.7541    
SITE492      6      0.5000     0.8333     -0.2135    1.0000    1.7321    
SITE506      10     0.7000     0.8000     0.4058     0.9000    1.8708    
SITE508      27     0.5556     0.7778     0.4221     1.2963    2.2027    
SITE510      6      0.5000     0.5000     -1.7554    2.8333    4.2230    
SITE520      16     0.4375     0.6875     0.4844     1.3125    1.9203    
SITE521      17     0.5294     0.7647     0.5833     1.2941    2.1693    
SITE522      18     0.4444     0.6667     -0.0937    1.8889    3.0368    
SITE528      11     0.6364     0.8182     0.1845     1.0000    2.0671    
SITE538      7      0.5714     0.7143     0.1278     2.0000    3.3381    
SITE539      7      0.5714     0.8571     0.7644     0.8571    1.4142    
SITE540      6      0.5000     0.5000     -0.5169    2.6667    3.8730    
SITE541      9      0.5556     0.5556     0.4835     1.6667    2.5604    
SITE542      8      0.7500     0.8750     0.7778     0.7500    1.5811    
SITE545      9      0.7778     0.8889     0.3590     0.8889    2.3570    
SITE547      7      1.0000     1.0000     1.0000     0.0000    0.0000    
SITE556      6      0.3333     0.6667     -0.4324    2.6667    3.8730    
SITE557      19     0.3158     0.6842     0.3180     1.6842    2.2942    
SITE561      15     0.2667     0.6667     0.5479     1.5333    2.0166    
SITE563      10     0.5000     0.7000     -0.1111    1.9000    2.9155    
SITE564      9      0.4444     0.8889     0.7234     1.1111    1.6997    
SITE568      7      0.7143     0.7143     0.6205     0.8571    1.6036    
SITE569      11     0.5455     0.8182     0.5793     1.0000    1.5667    
SITE572      8      0.5000     0.7500     0.4574     1.3750    2.2079    
SITE574      9      0.2222     0.7778     0.5442     1.6667    2.0817    
SITE575      15     0.3333     0.5333     -0.5951    2.4667    3.2762    
SITE577      9      0.4444     0.6667     0.0652     2.0000    3.0912    
SITE578      7      0.7143     0.8571     0.4697     0.5714    1.1952    
SITE580      6      0.5000     0.6667     -0.2400    2.0000    3.2146    
SITE581      10     0.6000     0.8000     0.0196     1.3000    2.3452    
SITE584      8      0.7500     0.8750     0.5460     0.8750    1.9039    
SITE587      8      0.3750     1.0000     0.7615     1.2500    1.5811    
SITE593      11     0.3636     0.8182     -0.2289    1.8182    2.7303    
SITE595      18     0.3889     0.7222     0.2973     1.5556    2.2852    
SITE597      8      0.6250     0.8750     0.6720     0.7500    1.5000    
SITE598      7      0.5714     0.8571     0.6435     0.7143    1.2536    
SITE601      8      0.6250     0.7500     0.6618     1.1250    2.0917    
SITE602      12     0.2500     0.7500     -0.1411    2.1667    3.1885    
SITE606      15     0.4000     0.6667     0.2577     1.8000    2.7689    
SITE607      12     0.4167     0.6667     0.2379     1.7500    2.6300    
SITE610      10     0.3000     0.6000     -0.0966    2.3000    3.1780    
SITE612      14     0.2857     0.5000     -0.1861    2.1429    2.9520    
SITE616      13     0.3846     0.8462     0.5731     1.3077    1.9415    
SITE617      10     0.3000     0.9000     0.4894     1.4000    2.1909    
SITE620      17     0.5294     0.8235     0.4924     1.2353    2.1004    
SITE622      13     0.2308     0.6923     0.3302     1.7692    2.1662    
SITE623      8      0.5000     1.0000     0.4167     0.6250    0.9354    
SITE624      9      0.3333     0.7778     -0.2511    1.5556    2.6247    
SITE626      10     0.6000     0.8000     0.3734     1.4000    2.7203    
SITE629      13     0.2308     0.6154     -0.5545    2.6923    3.6268    
SITE639      11     0.1818     0.7273     0.1796     1.9091    2.5406    
SITE648      7      0.5714     0.8571     0.8388     0.8571    1.4142    
SITE658      16     0.4375     0.6875     0.4603     1.5000    2.0616    
SITE683      7      0.2857     0.7143     -0.9091    1.7143    2.0702    
SITE684      14     0.3571     0.6429     0.0342     1.9286    2.7903    
SITE692      15     0.2667     0.8000     0.4411     1.4000    1.9149    
SITE719      16     0.4375     0.8125     0.4791     1.3125    1.9843    
SITE721      12     0.3333     0.7500     0.1548     1.9167    2.7538    
SITE722      14     0.4286     0.7857     0.0480     1.4286    2.2039    
SITE725      9      0.3333     0.7778     -0.1216    1.8889    3.0368    
SITE734      13     0.3077     0.6923     -0.0759    2.0000    2.7175    
SITE735      17     0.3529     0.8824     0.6435     1.1765    1.7150    
SITE739      10     0.3000     0.8000     0.4930     1.4000    2.0000    
SITE747      30     0.3667     0.8000     0.3136     1.4000    2.0976    
SITE760      33     0.8788     0.9091     -0.0358    0.4545    1.4668    
SITE786      10     0.3000     0.8000     0.1027     1.9000    3.1145    
SITE801      8      0.6250     0.8750     0.8370     0.6250    1.1726    
SITE802      9      0.4444     0.6667     -0.0800    2.0000    2.9439    
SITE807      7      0.5714     0.8571     0.4279     1.0000    1.5584    
SITE808      7      0.2857     0.5714     -0.8348    3.0000    4.1231    
SITE821      10     0.4000     0.6000     0.5156     1.5000    2.1213    
SITE831      11     0.3636     0.6364     0.4216     1.5455    2.1950    
SITE844      7      0.2857     0.5714     0.3656     1.5714    2.0354    
SITE852      14     0.2857     0.6429     -0.2757    2.2143    2.8909    
SITE871      7      0.4286     0.8571     0.4576     1.4286    2.4495    
--------------------------------------------------------------------------------------------------------------
OVERALL      3232   0.4032     0.7252     0.2249     1.6429    2.5149    
--------------------------------------------------------------------------------------------------------------
